Type	DBS1	DBS2	DBS3	DBS4	DBS5	DBS6	DBS7	DBS8	DBS9	DBS10	DBS11	DBS12	DBS13	DBS14	DBS15	DBS16	DBS17	DBS18	DBS19	DBS20	DBS21	DBS22
AC>CA	4.76949935312006e-05	0.000357130639744715	0.00688550744492855	0.0042060069823316	0.00213204113597807	0.00270492712511155	0.0543189403343096	0.216421076086907	0.0249765983507348	0.00989439363531083	0.00135456994249327	0.00500126221464197	0.00219761686007589	0.0243606270316373	0.0157845044370109	0.0594834191967026	0.0214939424096942	0.0104760343417131	0.00522517273664878	0.00561178719929661	0.0336104242582749	0.0149754503685161
AC>CG	2.53349663827705e-05	3.02637712352403e-05	5.04426978411493e-05	5.0368215591134e-05	0.000460282204435089	0.000148465578632243	0.00739637027103216	0.000979431166949233	0.0021016898663757	1.81851696915099e-05	0.000191815181201674	0.00238593006468581	5.25155052982678e-05	0.000575514455333412	1.25277530797933e-05	0.00449638755611774	0.00185192161140851	0.00274850151299875	0.000640079204501837	0.00212951972816362	9.20160601147851e-05	0.00195646921946311
AC>CT	0.00411797902387913	0.000120317107175509	0.00327468245001976	8.44886197012569e-18	0.00201248744604218	0.000244054064423493	0.0160945006205488	0.320101870602442	0.0289363031159459	0.0138706457152346	0.000747484638656423	0.000460746931506042	0.00290966286965178	0.00180293778169046	0.015417359790452	0.0145803761272095	0.0150335045787775	0.0204568710159983	0.0169193300843297	0.00264599948121408	6.53832734117374e-08	0.00194776646584112
AC>GA	0.000121907251876368	0.00022630999909507	0.00634334173500746	0.00447015273101948	0.000555925156383806	0.00872491450305007	0.0115146682244973	0.00116766766807141	0.0256873143823067	0.00549688569542068	0.000437021839791863	0.00720592496561251	0.00281676752951261	0.00096379917256785	0.0165574698575836	0.00891754926546475	0.0199142708684362	0.00744864949702553	0.00350755458695591	0.00176897438569638	0.00728593058657578	0.00887412303910236
AC>GG	5.47964613809165e-05	3.98107022242751e-18	0.00048794903045005	7.11857240511792e-18	1.10596379555667e-17	0.000105756219025297	0.00300588524753414	0.000815353835025402	0.00723915274283704	0.000606199035728971	0.00222465840484694	0.00745863622572358	0.00149318814806461	0.00032467809962154	0.00177349900361478	0.00370290888432102	0.00836810173962144	0.00506093810350072	0.000811434589570634	0.00293909594093477	0.00198625666855065	0.00109041710165144
AC>GT	0.00284130976222299	0.00026737039458581	0.0109517518965205	1.13734680367077e-08	0.000818943274242777	0.000134229125429928	0.00532538612157049	0.000151997747324659	0.0122852378873383	0.0294879656778208	0.00564568795102802	0.00198636823335791	0.00452697829758906	0.00393035448372998	0.09457150892627	0.00376335003496663	0.0316922623748298	0.0124019251675566	0.0123935790654709	0.000352915933537418	0.026454998685429	0.00254802070212094
AC>TA	0.00115188207666937	0.00141324460531711	0.0010951749726942	0.00129024886458926	0.00147449584133065	0.010270587872165	0.0064141320338384	0.0124819598317135	0.0418307258830181	0.000107883262342203	0.000261026538706101	0.0070824053313246	0.00263078514214699	0.00195024368426317	0.00259857376590044	0.00598348771132426	0.00898874946903414	0.0232772394965444	0.00648915515232816	0.0104080195846724	0.00628808375940253	0.0130409071678959
AC>TG	0.000165103369558992	6.07184810902613e-06	1.20411601298227e-17	5.39224243526051e-05	0.00111583477152296	0.000456583174130327	0.00118105232721249	0.00258698663550753	0.018174029459236	7.86996609248393e-06	0.000236308408626872	0.00158912901035313	0.00436896984919135	9.44574095917058e-05	0.000376765553517466	0.00114847969752625	0.00913641882519221	0.014083067847551	0.00105870096094575	0.000145672632490477	0.000452702887890558	0.00214756077779381
AC>TT	0.0254373973792401	0.00278829384913328	1.93092477757518e-06	0.000163566718179337	0.00744221869305519	0.00323370923690969	0.0013964343567271	0.000269771683231174	0.0450797146166574	0.000729493458826691	0.0027882382967618	0.00332677833760001	0.0160501038222884	0.000932226202981428	0.00707192272464242	0.00440014711636311	0.0181256497615746	0.0170927051559691	0.0695620473875411	0.00280051732025624	0.00553605624583291	0.00994304464682517
AT>CA	0.000356439712848015	2.78014477622819e-05	0.00588093945633215	0.000716930425568977	8.28928980861667e-05	8.93076820445178e-05	0.0101198342438546	2.15661274733078e-05	0.00993376163261866	0.00279414827931317	0.00722105945854629	0.00148561955642081	0.00330582415505913	0.00220275701070816	0.000907925148544224	0.00637380250495544	0.00811398214069662	0.00356533789161565	0.00346656912962421	0.00192320734162418	0.0047391642025842	0.00409430606373273
AT>CC	0.000219632094162769	3.06698511028348e-18	0.00758507535950626	5.47626881277379e-18	1.6349684040664e-05	5.00487694050784e-05	0.00570722169513283	0.000110894113531722	0.00139229102019244	0.000918190149666953	0.00144725835046443	0.002661091732125	0.00079189057742008	0.000348539259347961	0.00785711589814649	0.00169423165881532	0.00563639345396061	0.0014219659946966	0.00164253348003801	0.00106077589693999	0.000331216636480564	0.000785705090294316
AT>CG	2.9424650081724e-06	3.06698511028348e-18	0.0121962666760782	7.40078613840572e-18	8.05970340032735e-18	1.42548920684261e-06	0.00101198388043127	0.000206278457762227	7.21415392432443e-18	0.00205009725868211	1.32547465342792e-05	0.0010344154536548	1.83040869398479e-06	4.11386280075245e-08	2.35397126745761e-07	0.00295793718501328	0.00113233469568539	0.000580748482351918	0.000238922316370558	0.00133491951795709	3.02511642817685e-07	0.000116836085911846
AT>GA	0.00156774165979017	0.000123588467623884	0.00151200296647166	0.000253586450616651	0.000851955169681003	0.00126911460732363	0.0131284340820207	0.000125628122851885	0.00498252426309989	6.37956347253623e-05	0.00853120888261921	0.00489215932180748	0.00167618301381178	0.0039573100813554	0.00615163389790406	0.0038512768232949	0.0113611278990601	0.0020643997166439	0.00817377803097934	0.0072686599335078	0.00903331697238121	0.00221306406801052
AT>GC	0.000128672959769436	4.30260501082935e-06	0.00438564406510116	1.37689044435455e-05	8.05970340032735e-18	1.34716562404906e-05	0.00846966351397296	0.000175259694919773	0.00141575658160139	0.00322949728916655	0.00318396913278878	0.00307863026776219	0.000235909828495681	0.00044466808910449	0.0115275095027037	0.0012240187777672	0.00873600152336773	0.000386679880740196	0.00187637898090188	0.000316661962138388	0.00253751807856183	1.48841316400831e-05
AT>TA	0.00173043188085509	0.000336924862845452	0.00196309746941314	0.00354551792858469	0.000608648843431921	0.00172348850876888	0.0309976914051976	0.000244277508914206	0.00719611071505166	0.0023192222306566	0.00292498585908276	0.00205576537211203	0.00826220874454677	0.00874094457740299	0.00968267397274196	0.00530290622308392	0.0100226367782025	0.0062546826785825	0.00985019143478491	0.00251899688554166	0.0696682044571809	0.00609522185288608
CC>AA	1.07133104727223e-05	0.728107794745046	0.0103807214084871	7.48642277447238e-18	1.10181492462459e-17	8.88710330815064e-18	1.1271883228452e-17	0.0403912684022689	9.64829584525027e-18	0.0148246656955484	7.65418771700053e-18	0.0170769475399795	5.50933403643542e-07	0.00340668450388198	0.0182660047617094	0.037877073403708	0.000385097019922593	0.0113404093303454	0.0225750935655355	0.000445173786541392	0.00505117559082458	6.49026708415427e-08
CC>AG	1.24314829070268e-05	0.0730119140927799	1.26814744823348e-17	0.00580993037018052	0.0254970246670616	0.0659714519623872	0.000103491848225831	0.0164321435749084	0.028229523090586	7.71498421230935e-05	0.00101215854211363	0.0205711187152395	0.0125432221564536	0.000141407568900129	9.5897439725392e-06	0.011844601756323	0.00132625465374466	0.0509109951691987	0.00689551753685639	0.00466930868292852	0.00223009172920524	0.0268491856673009
CC>AT	0.0189047015960277	0.100567374492608	0.00672634203601909	0.0167985102744628	0.00254970257164092	0.000469082727310957	0.00106188995417365	0.0305319816210146	0.0208513525259228	0.011361969782197	0.0359253705560555	0.0155351504236468	0.0464818045045949	0.000618293105868013	0.0313364417774501	0.0203758838006313	0.000798808547104685	0.106060323691959	0.0925831322159453	0.00650777680466435	0.00230886308147179	0.0427406046228525
CC>GA	0.000135466778858571	0.017800425079072	0.000725165555055972	0.00379838953155095	7.0935894194878e-05	0.0380192624433076	0.000376397358217873	0.000857651497558349	0.0117623016442962	0.00366829320931387	0.000992373247904748	0.0131248376609726	1.11690202687969e-05	0	9.57901718957215e-06	0.00329963008002473	0.000818444411236929	0.0170791448407871	0.00423084442548613	0.00100052503096677	0.00122051898036744	0.0139875099235268
CC>GG	9.92497253227667e-05	0.000452552941392457	8.28294504476818e-05	7.80726946480691e-05	1.24872358124119e-05	0.0193844694305878	0.00255501797100696	5.93888601421365e-05	0.00327205801788197	8.01795694434955e-18	0.00359253726388277	0.0225275797080676	0.000826331373032891	0.00231641682021865	6.33952873352423e-07	0.000194281759274946	0.00360590110754916	0.00557209244457808	0.00117254528608477	0.00315465350783649	0.0031533954729768	0.00101602967780069
CC>GT	0.00699575030041129	0.00110624130542895	1.30242170359114e-17	8.54521685257633e-05	2.60238191720855e-05	0.00368411976653971	0.000203154498067308	0.000242772115622817	0.0191404722089593	0.00116865996543507	0.0723713987469569	0.00770603732192879	0.0251888577851064	0.000539966138331281	0.000557408695456176	0.00300803848118366	0.010338803742741	0.0203299292510456	0.0132310392513377	0.00488389569893948	0.00498608860486416	0.0175397737211379
CC>TA	0.0105138448027549	0.0160907795166328	0.0237534664922794	0.000181894405684452	0.0013325601541821	0.00237754212111675	1.1271883228452e-17	0.000759058566114884	0.000734609693374082	0.0258620077696826	0.0612293268191937	0.0112677496898119	0.0444151770574857	0	0.0553758103042916	0.00783057918372487	0.000317767031885433	0.0242303399874895	0.0397750269655954	0.011682041029457	0.000723086515404631	0.00993014109009138
CC>TG	0.00257791357836114	0.000238344515617996	3.31317801790727e-05	8.87675843258867e-06	0.00504694196330895	0.00735753003822543	0.000294138795334665	0.00446318207276361	0.0165741517335141	8.01795694434955e-18	0.0336344773792876	0.0301061761589391	0.0102505036686647	0.000607288490594257	3.04640636264109e-05	0.000464400490068302	0.0345764180932243	0.0193117408133439	0.00614369851148382	0.00234213146609835	0.007878009186186	0.00575878153243465
CC>TT	0.867392191173827	4.19277211612336e-18	1.26814744823348e-17	7.48642277447238e-18	1.10181492462459e-17	8.88710330815064e-18	1.1271883228452e-17	0.0046434060529878	9.64829584525027e-18	0.0222911029809921	0.345716609137331	0.0014725390572634	0.000107072242384525	0.00693431810759533	0.0930098026228027	0.0179618674350448	0.000899104668123439	0.0342460269912214	0.0853629447474198	0.00688380627762165	0.00986696858171574	1.18988229876162e-07
CG>AT	6.02317958847427e-07	0.00114299801707947	0.00032053262812463	0.000306661758359275	0.00170066141383254	0.0079806330325202	7.65262311539789e-05	0.000337372535795462	0.000231437683968091	7.92418113530183e-18	0.00187302788089701	0.0309399475150144	0.000438127516685053	8.19095423595354e-09	0.000196546454083853	0.000142304158903927	0.00271196471448964	0.000873165276688544	0.00027524348079252	0.00169515528246389	0.00083564692170956	0.000442233945809322
CG>GC	5.41386954718584e-06	0.000366753305299538	1.25331554606995e-17	5.3906006536115e-06	0.000102877807093874	0.000624479658023258	0.000230341491160556	1.18436640751345e-17	1.26857455115956e-05	2.03184131674405e-05	0.00017083692785784	0.0883747603723731	0.00124255446945189	0.00153887043953056	2.92596583173191e-06	0.000206234325012266	0.00252229084335629	3.40130748061943e-05	4.91953199610265e-05	0.000175250797813798	0.000213679111807252	0.000289412253107552
CG>GT	1.69807716424649e-06	0.00127220701566916	1.25331554606995e-17	7.39886364221186e-18	0.00671968486724073	0.00340817487469406	2.5508743717993e-05	0.00126776466861596	0.000105080258654383	1.09077797004155e-05	0.00121438112114672	0.0991506083910419	0.00250865467493391	0.00020330736983765	0.000241887263017672	0.00158979765407261	0.00514242924150055	0.0017036082300685	9.94742372780228e-05	0.000281295235523715	0.000201308456114128	0.000488823307029158
CG>TA	0.000355688232643348	4.14373461192234e-18	0.110493575568448	7.39886364221186e-18	1.08892840169927e-17	8.78316220337833e-18	1.11400503966501e-17	0.0005301559435827	9.53545204288267e-18	0.382858272339075	7.59554264192723e-18	0.0314102919829617	0.000695814497226841	7.97473339432123e-08	9.22315316524191e-05	0.00192741265872021	0.00631618084236127	0.000269066660463759	0.00205346358424898	0.000593495911509858	2.62477011940197e-07	0.00100890657255417
CG>TC	1.25857483938269e-05	0.00213691002754951	0.000814876411113965	7.39886364221186e-18	3.09048251148936e-05	0.00943069501665467	6.00133245925728e-05	0.000948203745855265	0.000140553831686642	0.00283400692164377	0.000704957956533331	0.12311324955734	0.0023501794744895	0.000252193630243413	0.000654367875218245	0.00132101064259512	0.0060882151348615	0.00127519982089776	0.000321725472974197	0.00148220727759469	0.00270969855083062	2.3638196637348e-05
CG>TT	0.000123891709903423	0.0055261490690471	0.00809232877994716	0.000381741198678361	0.00230211390477911	0.0197928168714575	3.8571192191941e-05	0.00034470617451526	8.76373585759393e-05	0.00830952197980267	0.000719365815807631	0.113458479054498	0.0017439914011534	0.000135369509509473	0.00283385833558758	0.00391119577014955	0.0133081984480295	0.00268879694182992	0.00176270840730575	0.000454038304133951	0.00454926298299145	0.00307438256646836
CT>AA	2.69355021191796e-05	0.0031059150419895	0.000113169691992302	7.20280786474966e-18	0.470431747014656	0.00461615923464736	1.08448603043469e-17	0.0210115073431388	9.28278074711029e-18	0.00409151670954845	0.00440821040649489	0.0080780780093457	0.0637416117495027	0.000264174138173212	0.00386739531727128	0.0652532775421524	0.0109475917517984	0.0272882586144906	0.0107056378403288	0.0108579394404852	0.00309131471283184	0.0596037003855627
CT>AC	0.000407539981467979	4.0339335464854e-18	0.0319730546185721	7.20280786474966e-18	0.210987629149377	0.00200926646723363	1.21164921541928e-17	0.0142796653431567	9.28278074711029e-18	0.0135342798779792	0.0023543853311812	0.00795931400807049	0.0267581909798557	0.0111133529163959	0.0788803211561696	0.0885299025133713	0.0153498239106778	0.0268879740542907	0.00704605820940506	0.00644044479736627	0.0267909127598571	0.0327288514463404
CT>AG	2.77134227580008e-18	0.000567966234903284	0.125255265833349	0.000373684758940869	0.0269539219554892	0.0407005151239663	0.00151090857683752	0.0208075120073406	0.000598755824318542	0.0275891103834525	0.000496925354562275	0.00424111742274621	0.013730298693586	0	3.03420070700463e-06	0.0353437437590201	0.00854545975872772	0.00747277334576311	0.00279166846950401	0.000644554209783819	0.00155355076032043	0.0125650650329336
CT>GA	8.67381512285496e-05	1.75093998060877e-05	1.89061326793477e-05	0.000692809277278811	0.0162531142452665	0.00756308283716511	0.00224238000853346	0.00568126637774044	0.00292176553148417	7.71420544601226e-18	0.0116216455260379	0.00197920790974735	0.0011304753021291	0.0002505268662383	0.000290960239021665	0.00118894742391553	0.00580409327006959	0.00375064376780705	0.0033507844654477	0.00353643021232579	0.00207668881374193	0.00560331101676613
CT>GC	0.000245107234879743	0.000129654687138692	2.95683121554914e-05	7.42918182621323e-05	0.00489612484445145	0.00184440293837971	0.0187064818861766	0.000241734610666514	0.00319953988117744	7.71420544601226e-18	0.00612140085913681	0.000891810010335202	0.00400944707976004	0.00544588307075721	0.000343180484454906	0.00945228423937304	0.011665117979013	0.00125921167361164	0.00354902566827495	0.000716300691814149	0.00220517322705771	0.00507228517934476
CT>GG	1.05019286240845e-05	8.68698399219159e-05	6.58417062495888e-05	0.000953255606860294	0.000575421224375889	0.00701697542396588	0.00479653415533192	0.000312112486245719	0.010699424681967	7.71420544601226e-18	0.0040275014170189	0.0114325493790402	0.00273812203598788	0.000117256092563618	0.000250010913969784	0.00438330238204036	0.00814771563729857	0.00204149732560092	0.00106516288296834	0.000568671115840587	0.00248748480188009	0.00472494425108611
CT>TA	0.00759638045207579	0.0032704027936706	0.00020216591480529	7.20280786474966e-18	0.00337176385125632	9.106717874644e-05	1.08448603043469e-17	0.0111177391687943	9.28278074711029e-18	0.00419562725146862	0.0417778124437236	0.0106185896331097	0.0321196802676784	0.00172016545067901	0.00353185916092411	0.0189649732961987	0.000959075050042877	0.00979162410025988	0.0753146164767243	0.0204422997094035	0.0113101697165193	0.0153909007631004
CT>TC	0.0102128037222579	3.71470139532468e-05	0.00696595029618678	7.20280786474966e-18	0.000239253625742119	8.5504251537947e-18	0.0757852322163978	0.018155574682643	3.08739936156661e-05	0.00286302064331739	0.00299557920778616	0.00910474528534755	0.00879405440357285	0.0341611349414329	0.0686493978361212	0.0991083799809506	0.0196962948652573	0.00649980798264535	0.04827865556529	0.000745878597213231	0.0566379103293284	0.00447194938866721
CT>TG	0.00217873108475337	0.000377354652185531	0.0573537265356012	3.16923546048985e-05	0.00088231160175514	0.0115403996318759	1.08448603043469e-17	0.000985297400481159	9.73559932014005e-18	0.0475782011772941	0.0014827615910997	0.00318509417218684	0.00404364485477662	0.000460272880684886	7.45133643012702e-06	0.00690714755723644	0.0256975847523817	0.0026695426920292	0.0142707547105488	0.00678693690505434	0.000654551172263435	0.0052123520794742
GC>AA	0.00154491114663893	0.00494127380057956	2.38681432025895e-05	0.339440042577054	0.000134974952232247	8.59564239015343e-18	1.09022112082889e-17	0.0132272733618508	9.33187090152466e-18	0.00427014503006753	0.001007164355282	0.0267567757045981	3.31352714793541e-08	0.000259600188643707	0.0454540633774737	0.0167778719012959	0.13310545203642	0.0360108407267801	0.0139883717845783	0.0115701508731282	0.0168324475189656	4.3289938245682e-07
GC>AG	0.000104623510531703	0.000316125019426124	0.000576570359270699	0.0116941234751329	0.00269949802971172	0.00379118056954672	8.80377675005633e-05	0.00873615320672206	0.128244693581065	7.7550004994392e-18	0.00331357044685259	0.0103860241215378	0.017626254688557	0.000593896781281051	0.00407123452513503	0.00809345988667195	0.0199812519378462	0.0437242317450515	0.00420378843000063	0.011037512242695	0.00397359704252141	0.0319117798135314
GC>AT	4.76063513215725e-05	0.000926975506021863	0.00440711783154931	0.00956227469145759	0.00159331217834472	0.00194738213703273	0.000421916779757596	0.00564978911456979	0.130313156564314	0.00811118212561696	0.0273948660318459	0.00701758179619496	0.018045101139628	3.07448954947979e-07	0.150456313599555	0.00435604676993942	0.0488862345632999	0.05240143560181	0.00416258309370906	0.0191233845465859	0.00581358386544206	0.0136345461572523
GC>CA	5.6306485341326e-05	0.00103105289214304	0.000261776070587659	0.0123150501747726	0.00464800739735534	0.00900146545102301	0.000807668127024688	0.0049525377054133	0.0283379402840631	0.000109893903838544	0.00212511626588394	0.00530724510006631	0.0108018990674066	0.000194575357038515	0.00123606154808088	0.00403055845457702	0.0119961261624708	0.0242113609506523	0.00110608162055181	0.0113261635451152	0.00334099178186567	0.00650666777171337
GC>CG	5.03434721367759e-06	6.50593067921203e-05	1.22655735902196e-17	1.0168290312272e-06	0.000327796022583112	9.36200086831169e-18	0.00319450828160507	0.000248139598790575	0.00258557898770426	7.7550004994392e-18	0.0040689437133141	0.00102009583152275	0.000898359533199923	0.00071249365973647	0.000364841641323956	0.00134465752217012	0.000390798673202199	0.0020006356299004	0.000195345701760284	0.00111626986252995	1.00235365738489e-05	0.000199503264183395
GC>TA	8.08428183633274e-07	0.000715901331104038	0.00467220781701959	0.0183173433286454	0.000225296903100396	0.000858712959732848	7.52542012607554e-06	0.00877716721111056	0.0144792398481628	0.0029409578290803	0.000244740458890691	0.000776028749589807	3.5212717967088e-05	7.89160475453519e-06	0.0017642189883718	0.000714543837217502	0.00925403922674245	0.0196670036064129	0.000970868392259644	0.000356936849656763	0.00217377171328634	0.000249360602816568
TA>AT	0.000384542813255651	0.00208312451934244	0.0012472604894426	0.0245002280270382	0.00147791738404192	0.0069132390166192	0.0523841203351199	0.0077456822963111	0.0124840856945321	0.00847662781214337	0.00174909122311553	0.00643186531431398	0.00505244796582614	0.0101429418678532	0.020455869234774	0.00701856562627349	0.0072127621324902	0.00841284439504041	0.00813429171967219	0.142413387123278	0.0963242631362731	0.00664092824617865
TA>CG	5.74764859615813e-06	1.43137173934724e-05	0.00287299951356687	0.000313506589672567	6.23622513968585e-06	0.00020893020117262	0.00286328991083314	1.669508673681e-05	0.00108732357975452	0.00334989791766336	0.000458057818582496	0.000428439422163523	0.000197953968015987	0.000142233633887092	0.0123869824243328	0.00104380039048829	0.0059979047800046	0.00155032788185915	0.000483318016030389	0.00570108069855191	0.00119685230200845	5.79859442401417e-05
TA>CT	0.00053455263522558	0.00021209975552902	0.00029590175970515	0.00702769679379094	0.00179404973644303	0.0210543229170231	0.0273186003140795	0.00327394804710329	0.0114370330600674	0.00132039758849103	0.00265108924157573	0.00247773959165835	0.0132540710932609	0.0031757572540914	0.0020717386313189	0.00906281033461091	0.0139286079940185	0.00896990926143303	0.00770079245337314	0.103444613065722	0.0114075577805703	0.0112402447414678
TA>GC	1.53016869910965e-05	6.22533105684355e-05	0.00171175710760889	5.65508128605749e-05	4.12586758291003e-05	0.000212963537347285	0.00141756273985999	0.000630035029472252	0.000466340656430899	6.03933541804892e-18	0.00080003238390788	0.00141167646871539	0.000102548783404734	7.92933364135768e-05	6.4395162849043e-05	0.000751159209416325	0.000577278976791179	0.000211250081313597	0.000209659273163148	0.00253634918385346	0.000547893606801617	0.000573599948166749
TA>GG	5.35178405708499e-05	5.97540900711626e-05	0.00469657978548888	0.0017891613840468	0.00128823813068048	0.000175856199335611	0.00404615657160386	0.000173279822976509	0.00261763078046883	0.00700136813411819	0.000294129345272198	0.00202437097298443	0.000480055339598171	0.000347323231259093	0.00187742279355187	0.000779471301506415	0.00484177132919337	0.00301408432836435	0.000949025545036197	0.00867574109156286	0.00183096414022251	0.0021034863702261
TA>GT	0.000875691946883697	0.000984749676391392	0.000311384636093788	0.00649578403697347	0.00150953085640085	5.04066208591529e-05	0.0246900064823355	0.000122174484978381	0.00626620517273211	0.00294236747577353	0.00209420338566388	0.00121013440247047	0.0049727472118543	0.00345672514601652	0.000664811783000299	0.00487695188955951	0.0101936884964658	0.0056604008659244	0.00637371457921401	0.0497103363297145	0.00817147010091192	0.00569966792303335
TC>AA	1.02228783081699e-05	0.00135317515081368	0.00581788180888666	0.376304313421956	0.0393362950156958	0.0455165853930392	0.0226686136728963	0.0381700832888896	0.00366146487287335	0.00759128010963448	0.000209686441594626	0.0214530071633657	0.0678757675863716	0.000756054259720525	0.000484639169887231	0.0745136642898448	0.058977645419824	0.00364488661236807	0.0132662400091907	0.196421180532596	0.0204033545427073	0.152597443965649
TC>AG	2.89804531855458e-06	0.000186644526654749	6.5094457493676e-06	0.00185669937459859	0.0145076935253039	0.00822876265324213	4.62825105987638e-06	0.011411673969372	0.0463388611038901	0.000272121527673437	0.0458025191833814	0.00751937995739824	0.066986539388541	6.84291975118682e-09	0.000114489108240852	0.0100787826331026	0.000235855447298172	0.0117535115542895	0.00286847939148284	0.00871593466039906	0.00658863519311746	0.0392586688585366
TC>AT	0.00230776788413216	3.89072132927238e-18	0.00118689035519512	0.00835018249411868	0.000728305882611903	0.000590323799938441	0.00264852708257914	0.0181996531044024	0.0513994221650423	0.00310278506042399	0.0817488005507763	0.0184434439026624	0.157371767300867	0.00237998062595793	0.00812689016903601	0.0260823502762467	0.0013304931743025	0.0729623436700311	0.0914576110735952	0.0261162129748813	0.0395358307942885	0.133629067830695
TC>CA	4.14542404790008e-06	0.000636458563653521	0.0694118834327349	0.0839982712725158	0.00139234902322785	0.0117269801559853	0.00313428285844294	0.0173142645643599	0.0484226218911634	0.0253042656933229	0.000272496220878374	0.0229407616615093	0.0373795744119727	0.00567172955412111	0.0204094289807444	0.014399672509726	0.00542422502915395	0.0186532368922823	0.00460722275730427	0.0164825802928482	0.0241223047403721	0.054762972371385
TC>CG	3.09499985476703e-05	3.62947385392555e-06	0.000122927808482886	0.000397154484713804	1.03217677878195e-17	0.000856665873542063	0.00188519542058755	0.010723038547574	0.00772975851433466	0.000845483309506701	0.00313080503289625	0.00660499018545825	0.00720216311309697	0.000906403835272911	3.38436564728039e-06	0.000266005862552984	0.00166476868407969	0.00217432091267328	0.00064624846682795	0.000515735714219067	0.00279443314218819	0.00489509797721926
TC>CT	0.00178242260878401	0.00312630095311389	0.0205586340863832	8.21742053788504e-06	0.001022354545605	0.0093318936588959	0.0106288040143869	0.00861778146170809	0.0510025153956854	0.0263084038902318	0.0194225877624121	0.00601823132329014	0.0323903829862996	0.0356432188775033	0.0478036720440134	0.00775982048618358	0.0209982111726826	0.0253040676640157	0.0185124314950144	0.0198689007089854	0.0688412611822352	0.0248370666591016
TC>GA	6.02118153563768e-05	0.000825903103427969	0.0824464813547236	0.0361410997915241	2.39542912811661e-05	0.00729457919187828	1.04598473953206e-17	0.00945398196821816	0.0171662160376447	0.0439812237050613	0.000227080023004685	0.0120809644337222	0.0115446721134799	0	2.33919390326733e-06	0.00412423979085012	0.0063118836975908	0.00188523723814776	0.00325990242476372	0.00767659273280289	0.00571844216588831	0.0267568709487816
TC>GG	0.000385565703119438	9.20897350597562e-06	0.000187570633421313	1.03213977770537e-05	3.38865583977472e-05	0.00150065592511067	0.000816532250862099	0.00187899134432506	0.00370115485499117	7.44033666428117e-18	0.00708296321712471	0.00164801526245283	0.0153317113419963	0.000113093281053646	1.14471191010954e-09	0.00230176071343638	0.000287465844196171	0.00182366273582825	0.00122122468372515	0.00104405114592897	0.000534738058172371	0.0051020414089767
TC>GT	0.00478439802246167	7.99603879900823e-05	0.0459919959629592	6.94709465763228e-18	3.75868147745127e-05	8.24686900189533e-18	1.04598473953206e-17	0.000271519283495008	9.08226220122279e-18	0.0460899125128382	0.0146877280783686	0.0013219224306542	0.0331976826366363	0.000625626776190705	0.000147015848316199	0.00438468765033057	0.000394042282252391	0.00805575555061232	0.02634887901538	0.00592518865077109	0.00545794209176638	0.0188150048056383
TG>AA	0.00128099267826032	0.0027532566933003	7.05864250994523e-05	0.00755081082193517	0.0174684225213689	0.025258843941556	0.0260523212007033	0.00848157596539968	0.0156262455478287	0.00142118550509712	0.00754122439669063	0.00270723962309849	0.0191119323586566	0.000490706533813088	0.00352982956706123	0.00734730405845074	0.00833315168714513	0.00993276650539437	0.00932556632422786	0.0247905649798596	0.00176467817350939	0.0174454141102788
TG>AC	0.000221602194704113	0.000204634383265786	8.49573140418559e-05	0.000116775379795134	0.00141688357093218	0.0100044835468599	0.00302022486961396	0.00377503678641007	0.00719005092332799	0.000207172778529846	0.000834061402820407	0.000887126381303564	0.00439390071198962	3.3090300032756e-05	0.000157785957904864	0.000818643852395547	0.00234636510850286	0.00446364040288889	0.00195076974549362	0.0041984418263894	0.00137562545885632	0.00445579048289851
TG>AT	0.00225342584738997	0.0039903625690431	0.00101187542409484	6.92424299734813e-18	0.0197975451359986	0.218909978185938	0.00148705767928744	0.00805994857697819	0.000737796265136561	0.00250208600101781	0.0101127531109508	0.0188440405462317	0.0183955934386438	0.00121101689910526	0.00184892862807319	0.00917072371335878	0.00920102091402676	0.026660706862913	0.0158265606457253	0.0530718836530908	0.0165087568235265	0.00940661290613073
TG>CA	0.000260873812867087	0.000133941795260881	0.0167941769202673	0.000795655860227135	0.000461942328385351	0.0112921893008949	0.027550905681122	0.00496147717150754	0.0225492658900479	0.0292243690554957	0.054030995660627	0.0150289266019098	0.0284458799790073	0.00705445083636807	0.0781922979032696	0.0055870460318789	0.147111283260794	0.0155565893311936	0.00711236100506478	0.00264905528257827	0.0704157927322569	0.0049465970561033
TG>CC	9.63080558153461e-05	5.52394823196303e-05	0.000511219013733753	0.000118754724114805	0.00049105684634254	0.00781538307176933	0.00121039600002591	0.00122566176561989	0.0116702336410372	0.000190158327912791	0.00301456396653937	0.0219505115634337	0.00517162149361257	0.000516033706622331	0.000192843771814284	0.00248346620282795	0.0174788152740137	0.00373921935998027	0.00189933626714847	0.000142463334051778	0.00358410415047444	0.00415769083196117
TG>CT	0.00172980769946056	0.002855574349912	0.00641136182173423	8.12114785831831e-05	0.000318313747515608	0.272399294884566	1.04254409432595e-17	0.0191203160889988	0.000957354742937085	0.00433361389850971	0.0053742064233069	0.0175961161552844	0.0163941768324636	0.000508014665207918	0.00364933627337941	0.0100898992520454	0.00377559450530915	0.0104535389687077	0.0170499318735804	0.0131689816041885	0.00292118407831198	0.0319399123009819
TG>GA	0.000380557319963843	0.00136732691058683	0.000552412744213948	0.00776852781614564	0.00317343004770733	0.00736963934364014	0.00951024983764185	0.000265723725029922	0.00611203824759315	2.02159815578206e-05	0.00704040285889982	0.00221262671887156	0.0060642062970935	0.0042147127054707	0.00542113691714995	0.00121825179744867	0.0100729746238007	0.000762406947919715	0.00332996760931305	0.0208078825256178	0.00793485936465608	0.00194102299459703
TG>GC	8.31031599982944e-05	0.000253002408769596	0.000526006235782281	0.000597731320035793	0.000283376908296163	0.00554704032358589	0.0044726998389937	0.00347107255867802	0.00386700171308864	7.41586254175499e-18	0.0058942906983916	0.00187907231020595	0.00217965007954222	0.00362591247683749	0.000644725063637966	0.001440450341834	0.00755685937662321	0.000821441983087519	0.00138420238314421	0.000564105692543797	0.0021027905115537	0.0017264246464432
TG>GT	0.00177655953681708	0.00595298882734305	0.0108792468902182	3.19504355449064e-05	0.0802576957227322	0.0271408756567602	0.0100405184406454	0.00770695811403202	0.00330326949697158	0.002171810905086	0.00504674566842097	0.00535231057055466	0.0190334111349182	0.0388270796479384	0.00573639928920997	0.0296998945490575	0.00327250669561902	0.00306645780346291	0.00969192857549832	0.00570790995277329	0.135970324897265	0.015946102947009
TT>AA	0.00411854610159414	0.00321645666046935	0.00272874482640502	1.42853918305433e-05	0.00383081953142043	0.00015338222655707	0.217345788967078	0.00281636459247004	0.000270581348293452	0.0116432886980486	0.00368590298841472	0.00331576047390663	0.0105080344556041	0.185152245100665	0.00657706351228927	0.0275549434764825	0.000171794711525777	0.0215991159694926	0.0430379887237731	0.0546240386899739	0.0438989612211898	0.0107292211896253
TT>AC	0.000540137132176294	0.0002574657866359	0.00205927022458283	5.23797700453253e-07	0.000752148949331281	0.000101724847671852	0.0369950279486634	8.89280459082559e-18	0.00528466160911951	5.94986432674092e-18	0.000803634924568054	0.000317607786270764	0.00117348471399952	0.0118624988500958	0.00296398641083794	0.00711612481723242	0.00971239817016343	0.013854329147203	0.0078314509826362	0.00919359654338337	0.000863557088696703	0.00207987271001471
TT>AG	0.000313579431596833	0.000160450071587472	0.0194062889083584	5.55543015632238e-18	0.000695309500507892	0.00168482399704763	0.0498507998045926	0.0114857331395949	0.000728426576613833	0.00558877902471572	0.000981361648692356	0.0023607469884781	0.00461600300304095	0.00649447995411317	0.000209924192297574	0.0251892834894894	0.00519183025865933	0.00638092418385771	0.00765896882571419	0.0135648795297491	0.00247667143795406	0.00267982213673751
TT>CA	0.000543887881358118	3.11131943174835e-18	0.000588120331236159	5.55543015632238e-18	8.17620917672111e-18	6.59482949437518e-18	0.0903603552510822	0.00494830510375426	7.16762321558134e-18	0.00103585130551931	0.00156090622149001	0.00254845622371755	0.00303512625795279	0.00713163572564367	0.00212500922526475	0.0735624913156614	0.0112701487686247	0.0134584057404689	0.0179503420825452	0.000558461972907742	0.000369184919380637	0.00497488591458882
TT>CC	0.00406603261304925	2.22343690805998e-06	0.00691507908806975	5.55543015632238e-18	0.000601874896782677	6.59482949437518e-18	0.0327405996327867	0.000231287681877937	0.00409442260807993	0.0023125982448117	0.00309090361547549	1.45338441175806e-07	8.36785954199689e-07	0.357452420295303	0.0109217183524619	1.57855037385819e-06	3.08160676629007e-06	1.68142907107319e-07	0.0276551113295365	0.00240187290611331	0.00902152833333784	0.00296847590406685
TT>CG	6.28499862901144e-05	1.13410204706415e-05	0.0269484707236191	5.75383837619104e-18	8.17620917672111e-18	8.89904702855445e-06	0.00246941784678054	9.12567015528803e-05	1.57163831305106e-05	0.00688961528650022	7.69687531427417e-18	0.00129309543806152	0.00068278625800579	3.20878469794219e-05	0.00214715791347924	0.00916936173174279	0.00516842221147277	0.00303395951206758	0.00301577640130796	0.00085923328676944	0.00148617153467037	0.000739435462531063
TT>GA	0.00139535444562205	3.57391368778768e-05	0.0104234650512209	5.55543015632238e-18	2.32827289889486e-05	6.59482949437518e-18	0.040324580704615	0.00285569911982036	7.27874915690818e-18	0.0069779438729055	0.000546317409355095	0.000341980579009858	0.00225281666324951	0.0151749664485947	0.000634513550370011	0.00668971725317066	0.00702498081002742	0.00107643502876265	0.0133724750559297	0.00117498955523011	0.0528008271698194	0.00373248797879197
TT>GC	0.00079520157653739	1.14902444242026e-06	0.0563545059368855	5.55543015632238e-18	4.40736608954681e-05	3.2497412809632e-07	0.0033942934067057	0.000224994251938748	2.82577393659685e-05	0.0207170245044849	4.46666057394625e-06	0.00505447362261176	0.000601774220493204	0.00609948428776916	0.00834375830421614	0.0109081020820815	0.014738479343203	0.00214229926193131	0.00786430488178669	0.00236275860053705	0.000132329988468839	0.00115440459767158
TT>GG	0.00120780648653314	3.11131943174835e-18	0.144911587421529	5.55543015632238e-18	8.17620917672111e-18	6.59482949437518e-18	8.36449688887629e-18	0.000423241623379408	7.1596856483437e-18	0.0680128678039	5.67219526172413e-18	2.27284583540889e-07	1.84889848927931e-06	0.168053941699083	1.13827939431197e-05	0.000225287091845768	3.85200845786259e-06	3.14078260445747e-07	0.00861743292315261	0.000164642721065006	2.23748435988268e-07	0.0011366440287804
