Type	DBS1	DBS2	DBS3	DBS4	DBS5	DBS6	DBS7	DBS8	DBS9	DBS10	DBS11	DBS12	DBS13	DBS14	DBS15	DBS16	DBS17	DBS18	DBS19	DBS20	DBS21	DBS22
AC>CA	3.34450535531197e-05	0.000244521951948642	0.00516562224341886	0.00302415115213461	0.00188830672749458	0.0021542791403876	0.0527798958168642	0.192764677783562	0.018813366469647	0.00540193173862392	0.0010012886773897	0.0024468546851147	0.00178207453587627	0.0237012179398017	0.0121779207509523	0.0511331434231123	0.0163464204425769	0.00793243404854944	0.00428774085477818	0.00510072017687106	0.0295689081697485	0.0122888507534546
AC>CG	1.77655817666471e-05	2.07211468079522e-05	3.78429511652357e-05	3.62151317985813e-05	0.000407662858147478	0.00011824211312156	0.00718680537443128	0.000872372214027493	0.0015830763303485	9.92835427309569e-06	0.000141788447435333	0.00116731015223333	4.25854690282484e-05	0.000559936060580404	9.66530085261979e-06	0.00386518517088895	0.00140841027252053	0.00208116032012125	0.000525244598362629	0.00193558377371305	8.09515051273499e-05	0.00160547814256437
AC>CT	0.00288764121320543	8.23793050083846e-05	0.00245672125682104	6.07479630169751e-18	0.00178242038543806	0.000194371439893288	0.0156384874364067	0.285112407073593	0.0217959734609362	0.00757280173864642	0.000552535444446511	0.000225419252105438	0.00235948140105371	0.00175413470434288	0.0118946645722251	0.0125335845474877	0.0114331741420906	0.0154899053287708	0.0138838860444231	0.00240502757187776	5.75212021274395e-08	0.00159833666516148
AC>GA	8.54847493553299e-05	0.00015495103630363	0.00475888050750656	0.00321407396338565	0.000492371931792698	0.0069487644014849	0.0111884176221836	0.00104003309596189	0.0193487060291039	0.00300107337509906	0.000323043503497628	0.00352548026997545	0.00228415142740314	0.000937710437812811	0.0127742721709493	0.00766570469101339	0.0151450598600283	0.00564010377960002	0.00287827519985516	0.00160787339595139	0.0064098272247361	0.00728210310286169
AC>GG	3.84247999574071e-05	2.7257786179546e-18	0.00036606748093838	5.11830794169466e-18	9.79530291547143e-18	8.42271921107909e-05	0.00292071806308954	0.000726229728315135	0.00545281753616928	0.000330959726459749	0.00164445201532599	0.00364911860450902	0.0012108446309637	0.000315889504380034	0.00136827420867725	0.00318309494682175	0.00636404930909355	0.00383213307825463	0.000665857650270451	0.00267143165542073	0.00174741742569539	0.000894795995543534
AC>GT	0.00199240528455854	0.000183064468576918	0.00821618648350148	8.17761040613127e-09	0.00072532188431705	0.00010690380611797	0.00517449940943582	0.00013538328760134	0.00925372940284669	0.01609921573506	0.00417325325485574	0.000971825553142438	0.00367098236965627	0.00382396512530573	0.0729629710959863	0.00323505137545945	0.0241023743192768	0.00939071506046638	0.0101700858467744	0.000320775781226919	0.0232738932644588	0.00209090513837947
AC>TA	0.000807731690243004	0.000967627223808207	0.000821618485584766	0.000927698790510554	0.0013059318461837	0.00817978163149607	0.00623239736302018	0.0111175908029466	0.0315085651247387	5.88998214941476e-05	0.000192949001380887	0.00346504860634938	0.00213333602246748	0.00189745323617545	0.00200482856544034	0.00514352637164028	0.00683605991274786	0.0176254831853132	0.00532495614249815	0.00946015834375575	0.00553196739846817	0.0107013650963613
AC>TG	0.000115775066267463	4.15730264033363e-06	9.03347866524981e-18	3.87706350504974e-05	0.000988272820014131	0.000363635529678219	0.00114758900672382	0.00230421017324458	0.01368940124053	4.29667761197248e-06	0.000174677531596889	0.000777477284204462	0.00354285137582454	9.19005757879159e-05	0.000290678815463228	0.000987256245273105	0.00694836436282192	0.0106636732238582	0.000868762736091178	0.000132406185297837	0.000398267216663303	0.00176228782659951
AC>TT	0.0178374092250193	0.00190910266081854	1.44861189406709e-06	0.000117605719940748	0.0065914261167082	0.00257541591064712	0.00135686851417815	0.000240283675386145	0.033955832556571	0.000398273407507367	0.00206104635045509	0.00162761775174738	0.0130152265572275	0.000906992105636767	0.00545606704608477	0.00378245495336726	0.0137847904376983	0.0129425650907949	0.0570821382484804	0.00254547342830432	0.00487036811846535	0.00815925990156904
AT>CA	0.000278580065783523	2.12159754734109e-05	0.00491743071657082	0.000574533512965118	8.18274720144617e-05	7.92756980335044e-05	0.0109596198098028	2.14094210097266e-05	0.00833972653152775	0.00170025557362424	0.00594926948508018	0.000810104436782268	0.00298784789664482	0.00238865618437941	0.000780723204801495	0.00610674829736204	0.00687773568566196	0.00300895090256653	0.00317053529636263	0.00194832437139671	0.0046469489385396	0.00374469570215024
AT>CC	0.000171656302691856	2.34049253238422e-18	0.00634236805824956	4.38857083858206e-18	1.61395408312548e-05	4.44267619478437e-05	0.00618083048019265	0.000110088321004295	0.00116887507372631	0.000558724077450128	0.00119236380629094	0.00145108632257964	0.000715721249872445	0.000377953833896945	0.00675631985118311	0.00162324551000183	0.00477763245278824	0.00120006181552188	0.00150226641361754	0.00107462959810303	0.000324771780745799	0.000718614199569707
AT>CG	2.29972156860058e-06	2.34049253238422e-18	0.0101980809062505	5.93084001899805e-18	7.95611167737911e-18	1.26536317284938e-06	0.00109596247487065	0.000204779571711919	6.05652451812996e-18	0.00124749617489979	1.09202894037289e-05	0.0005640640262577	1.65434775408525e-06	4.46104757489642e-08	2.02417566567783e-07	0.00283400338404586	0.000959812162460582	0.000490120073681175	0.000218519120437587	0.00135235352652745	2.96625332526139e-07	0.000106859521970194
AT>GA	0.00122528876265294	9.43134300171977e-05	0.00126428266879509	0.000203219042067455	0.000841004952344428	0.00112655422329679	0.0142178856659019	0.000124715268243063	0.00418299646475422	3.88200169324428e-05	0.00702867231153213	0.00266768161129361	0.0015149565304449	0.00429128276672588	0.00528977894184109	0.00368991322919731	0.00963014626182382	0.00174224087014622	0.00747576372569346	0.00736358841261923	0.00885754553374815	0.00202409184244197
AT>GC	0.000100566015247618	3.28342477564692e-06	0.003667118323154	1.10341209655778e-05	7.95611167737911e-18	1.19583772379172e-05	0.00917251110970225	0.000173986201241634	0.00118857520065676	0.00196516799289533	0.00262320100144291	0.00167876898789281	0.000213218444722766	0.000482195346954834	0.00991248472053106	0.00117273394982941	0.00740498418475751	0.000326336748865698	0.00171614226223357	0.000320797557796078	0.00248814272678464	1.3613184484807e-05
AT>TA	0.00135244140825595	0.000257115733239236	0.00164147171848889	0.00284130621067439	0.000600825853027708	0.00152988803938804	0.0335700076301998	0.000242502509457223	0.00604137663793602	0.00141126029471722	0.002409830470948	0.00112100345053588	0.00746749429525933	0.00947862665769879	0.00832611396123136	0.00508072120585962	0.0084955876705877	0.00527861135833599	0.00900901682676093	0.00255189490875617	0.0683125916117705	0.00557475448118934
CC>AA	1.09664555992321e-05	0.727729390225792	0.0113683574196689	7.85762585808731e-18	1.42452181234935e-17	1.03321363312958e-17	1.59881131350188e-17	0.0525168765221009	1.06088260677018e-17	0.0118148526167674	8.25924733319332e-18	0.0121961368656096	6.52163491806683e-07	0.00483835364104148	0.0205716558684907	0.0475298534437389	0.000427523738510531	0.0125349261414968	0.027042131993448	0.000590667914907538	0.00648690073162935	7.77458898760586e-08
CC>AG	1.27252267802411e-05	0.0729739691092877	1.3888007282974e-17	0.00609800708371491	0.0329647629347681	0.0766983360060384	0.00014679351661577	0.0213651338334408	0.0310398960858595	6.14863115844111e-05	0.00109216915612788	0.0146916290948601	0.0148479498719093	0.000200834513756448	1.0800222349857e-05	0.0148631384367297	0.00147237012610453	0.0562735916884729	0.00825996556131586	0.00619535764949765	0.00286396372679265	0.0321622177498391
CC>AT	0.0193514013429773	0.100515108675276	0.00736629540312011	0.0176314392983593	0.00329647642914556	0.000545355052279841	0.00150619167890367	0.0396977953947049	0.0229271962398155	0.0090551787925398	0.0387652526864547	0.0110950051436919	0.0550225049538028	0.000878132593904264	0.0352919264392204	0.0255685744383791	0.000886814487634847	0.117231952154011	0.110902985827384	0.00863468396411818	0.00296512472059725	0.0511982988859919
CC>GA	0.000138667727338442	0.0177911740295116	0.000794158796282581	0.0039867269991717	9.17120709664918e-05	0.0442011518443021	0.000533884482738384	0.00111512164826536	0.0129332904278231	0.00292352923925605	0.00107081984455191	0.00937359068869757	1.32212481769776e-05	0	1.07881415642308e-05	0.00414052406981303	0.000908613664487448	0.018878138601781	0.00506802122726998	0.00132752208625158	0.00156743421889647	0.016755418414287
CC>GG	0.000101594899985339	0.000452317745341184	9.07099574788842e-05	8.19438125200534e-05	1.61445805399593e-05	0.0225363624031446	0.0036240542555794	7.72176155452873e-05	0.00359780576299674	6.39009212960009e-18	0.00387652549338689	0.0160889084379567	0.000978163876182782	0.003289897771133	7.13974430510682e-07	0.000243793480206577	0.00400316866255822	0.00615901641746569	0.0014045622580722	0.00418567459734352	0.00404970348643743	0.00121708599071301
CC>GT	0.00716105308887599	0.00110566638134164	1.42633588311625e-17	8.9689186580168e-05	3.36458485202514e-05	0.00428315350557469	0.000288155673116757	0.000315653202375207	0.0210459902738671	0.000931389991133359	0.0780923207269484	0.00550355300030696	0.0298171309619583	0.000766888488927347	0.000627768360438971	0.00377462183099368	0.011477845319893	0.0224713371625668	0.0158491263305947	0.00648007716611197	0.00640331369149297	0.0210106194166317
CC>TA	0.010762276749115	0.0160824169860689	0.0260134037331533	0.000190913367920008	0.00172284924035388	0.00276412780149039	1.59881131350188e-17	0.000986930754258244	0.000807743314431009	0.0206113120152346	0.0660694737237018	0.00804728228289325	0.0525761494355916	0	0.0623656967070722	0.00982616257109242	0.000352775904301629	0.0267825889947206	0.0476454959588148	0.0155000294836364	0.000928613619041485	0.0118951600239818
CC>TG	0.00263882717370474	0.000238220645715077	3.62839829915537e-05	9.31689923173209e-06	0.00652512391302424	0.00855385616445231	0.000417208397381047	0.0058030458334855	0.0182241813249444	6.39009212960009e-18	0.0362932655781655	0.0215014448029986	0.0121339606949279	0.000862503256841391	3.43094311785167e-05	0.000582750599469126	0.0383857541418777	0.0213459001088474	0.00735938061976112	0.00310759966409437	0.0101172217506124	0.00689835393575773
CC>TT	0.887887826629128	4.19059309273095e-18	1.3888007282974e-17	7.85762585808731e-18	1.42452181234935e-17	1.03321363312958e-17	1.59881131350188e-17	0.00603737371894561	1.06088260677018e-17	0.0177653986804364	0.373045329906944	0.00105166850459047	0.000126746004158141	0.00984848559524432	0.10475009050493	0.0225393582461936	0.000998160383338381	0.0378532561277126	0.102254106389764	0.0091336094432239	0.0126715146921367	1.42534131439441e-07
CG>AT	1.20536666569845e-06	0.00223342041856148	0.000686267131147599	0.000629256034996124	0.00429862026579717	0.0181391950887033	0.000212208036950144	0.000857574567776228	0.000497509711825414	1.23466337408972e-17	0.0039512669860165	0.0431998649052562	0.00101393164883797	2.27431682214851e-08	0.000432754575265906	0.000349106892464521	0.00588606267109097	0.00188686260025312	0.000644583496031628	0.00439717808979916	0.00209806227461899	0.00103566122500631
CG>GC	1.08343073434256e-05	0.000716636694369655	2.6833750724737e-17	1.10612683227527e-05	0.000260035667815794	0.00141938093126849	0.000638739356822608	3.01056666517692e-17	2.72698960927842e-05	3.16580352330698e-05	0.000360390958363038	0.12339315402097	0.00287556762358752	0.00427285860342008	6.44237061744948e-06	0.00050594321964376	0.00547439349022208	7.35004019110941e-05	0.00011520887338573	0.000454594913125939	0.000536485053328189	0.0006777703327063
CG>GT	3.39821448041023e-06	0.00248589506103678	2.6833750724737e-17	1.51821329920135e-17	0.0169847879861028	0.00774644676638766	7.07360123167146e-05	0.00322255851433455	0.000225885639301896	1.69953662830164e-05	0.00256181132238712	0.138438918995851	0.00580562570040374	0.000564507330853996	0.000532585643721593	0.00390016232087337	0.0111611558348831	0.00368140458698779	0.000232955387154406	0.000729670761850174	0.000505425995551794	0.00114476817025651
CG>TA	0.000711807995613976	8.09686574523938e-18	0.23656908053091	1.51821329920135e-17	2.75239366135669e-17	1.99632650760404e-17	3.08914759102947e-17	0.0013476148943184	2.04978718964094e-17	0.596529885237561	1.60232622205039e-17	0.0438565828090082	0.00161028082827705	2.21428050852037e-07	0.000203074725984821	0.00472841446775188	0.0137086725654832	0.000581438396782656	0.00480893764421837	0.00153950923875442	6.59002148395211e-07	0.00236274358119695
CG>TC	2.51867661489229e-05	0.00417552648109802	0.00174466761829188	1.51821329920135e-17	7.81155534365995e-05	0.0214350435651018	0.000166417574870725	0.00241025967214064	0.000302141358742684	0.00441565442324667	0.00148715196852585	0.171896728213364	0.00543887626064639	0.00070024590441937	0.00144078250217077	0.00324076206838267	0.0132138945788692	0.00275563735084225	0.000753438117898463	0.00384479783828833	0.00680325165735893	5.53579477974572e-05
CG>TT	0.00024793372849073	0.0107981063679887	0.0173258469460968	0.00078331564509451	0.00581886165274715	0.0449871288559886	0.000106958318140733	0.000876216103135735	0.000188389532174317	0.0129470317115171	0.00151754622974873	0.15841626638609	0.00403601236989148	0.000375869701886507	0.00623956899195823	0.00959511943750794	0.0288841848442555	0.00581034372834263	0.00412802782610488	0.00117776070636166	0.011421853888253	0.00719985167375535
CT>AA	2.03474679612724e-05	0.00229090199399325	9.1462490126479e-05	5.57906640828636e-18	0.448848500812295	0.00396053070486313	1.13518697039589e-17	0.0201609647326171	7.53247179423163e-18	0.00240641448378515	0.00351031736217842	0.00425757975137196	0.0556830637858601	0.000276884533002386	0.00321430404625857	0.0604275649345742	0.0089691517900471	0.0222593036958514	0.00946382325165586	0.0106317294389735	0.00292975099789438	0.0526903152007076
CT>AC	0.000307861597647833	2.97540218594006e-18	0.0258402681926839	5.57906640828636e-18	0.201307589537932	0.00172389233846231	1.2682951771016e-17	0.0137016266693958	7.53247179423163e-18	0.00796015009543131	0.00187482877249388	0.00419498476201481	0.0233752805150422	0.0116480574276707	0.0655597151731948	0.0819828004704054	0.0125758160997142	0.0219327876027535	0.00622874138927907	0.00630626712624064	0.0253907190577792	0.0289326583368055
CT>AG	2.0935120465569e-18	0.000418928065471911	0.101229916887566	0.000289444356290357	0.0257172853182377	0.0349198612219295	0.00158154524977871	0.0199652270968788	0.000485857792096977	0.0162264606341579	0.00039570835758124	0.0022352960247951	0.0119944425151726	0	2.52181191980316e-06	0.0327299478505043	0.00700113115555092	0.00609561546977117	0.00246784520143968	0.000631125823157729	0.00147235636392352	0.0111076532634713
CT>GA	7.17879957902808e-05	1.41496131906593e-05	1.67406362019963e-05	0.000587935610224573	0.016990107029021	0.00710931619491869	0.00257163316801536	0.00597249263878054	0.00259753347217797	4.97088452680814e-18	0.0101393020639578	0.00114288501085227	0.0010819757592857	0.000287686228731495	0.000264946631800285	0.00120629015584092	0.00520982976967914	0.00335195314972613	0.00324531559329348	0.00379383084435336	0.00215633029038584	0.0054269856437192
CT>GC	0.000202860643171316	0.000104775931310369	2.61815763856802e-05	6.30459304416356e-05	0.00511813821519809	0.00173374323170754	0.021453192185223	0.000254126120260964	0.00284448284688505	4.97088452680814e-18	0.00534061482311608	0.000514971816917517	0.00383743416620329	0.00625364291767652	0.000312498071082307	0.00959016117854512	0.010470761940935	0.00112535841760367	0.00343731698084991	0.000768436953446607	0.00228974210945181	0.00491267016354923
CT>GG	8.69182011810575e-06	7.02008433437127e-05	5.83002388662544e-05	0.000808957003463821	0.000601513534045571	0.00659597390310298	0.00550081889707773	0.00032811162206329	0.00951209583554056	4.97088452680814e-18	0.00351379271882633	0.00660167598198485	0.00262065138736359	0.00013464808613912	0.000227658424368674	0.00444723997644573	0.00731349575324268	0.00182448769180404	0.00103163594947392	0.000610062093703805	0.00258288039578906	0.00457625938329886
CT>TA	0.00628707114679077	0.00264286240651158	0.000179009958810672	6.1124863309065e-18	0.00352465551185754	8.5603368709141e-05	1.24372329199418e-17	0.0116876433757212	8.25265869067182e-18	0.00270358091063819	0.0364490432090044	0.00613165846210747	0.030741684829543	0.00197530875123525	0.00321608956545485	0.01924160827705	0.000860878265488312	0.00875078180591658	0.0729440230415339	0.0219302015056719	0.0117439172338923	0.014906578848707
CT>TC	0.00845252867666718	3.0019068868581e-05	0.00616807475581909	6.1124863309065e-18	0.000250102512484572	8.03742036522478e-18	0.0869129300438674	0.0190862439701414	2.74478670421457e-05	0.0018448750315764	0.0026134924160443	0.00525749561883059	0.00841677272611382	0.0392280805170832	0.0625117259765647	0.100554036896467	0.017679650992267	0.00580888327146613	0.0467590426495385	0.000800167699729482	0.058809986753492	0.00433122578045693
CT>TG	0.00180320580650038	0.00030494605316309	0.0507844669793361	2.68949398559886e-05	0.000922319767187547	0.0108480036203705	1.24372329199418e-17	0.00103580453372858	8.65522740728996e-18	0.0306584710117921	0.00129363502159062	0.00183921879536644	0.0038701647915604	0.000528542791517077	6.78514183316269e-06	0.00700789953839616	0.0230664870156722	0.0023857723070585	0.013821570222668	0.00728092709968717	0.000679653354907801	0.0050483294289172
GC>AA	0.00186330685562965	0.00581904124137126	3.07983251622012e-05	0.419776721934536	0.000205613637768737	1.17746096917228e-17	1.8220219501144e-17	0.020263758796949	1.20899281841839e-17	0.00400981473112364	0.00128050120527161	0.0225156300784909	4.62153443332609e-08	0.00043441916707189	0.0603165758569991	0.0248064841395861	0.174110195276482	0.0468991089009006	0.0197431669240987	0.0180880229666074	0.0254700816276345	6.10998462902569e-07
GC>AG	0.000126185706445243	0.00037228143991012	0.000743979171441359	0.0144618200640682	0.00411227120927968	0.00519329090847152	0.000147132303493752	0.0133835066798255	0.166147726619797	7.28221524645282e-18	0.00421284860677887	0.0087397629553191	0.0245841785314775	0.000993836508358194	0.00540244167012442	0.0119663736553857	0.0261367180948763	0.0569447273330222	0.00593322067537538	0.0172553303002954	0.00601266339397842	0.0450406011297503
GC>AT	5.74176974397425e-05	0.00109164335290417	0.00568673678769722	0.0118254178079371	0.00242716672740129	0.00266759173351141	0.000705124510205281	0.00865529582245296	0.168827528899855	0.0076166821841204	0.0348296271487993	0.00590524349843558	0.0251683636639599	5.14490068837867e-07	0.199652329804455	0.00644051914006156	0.0639462299697472	0.0682455778663671	0.00587506352563012	0.0298962582831376	0.00879684641434768	0.0192439330755715
GC>CA	6.79108700724675e-05	0.00121420903668842	0.000337783482913216	0.0152297040548828	0.00708052637575159	0.0123305202250779	0.00134980787633973	0.00758712901365851	0.036713287885931	0.000103194198644235	0.00270185687721719	0.00446600774055303	0.0150659240913229	0.000325605558990553	0.00164022739858475	0.00595927689550524	0.0156916778145017	0.0315319284678412	0.00156112193774455	0.0177065890128886	0.00505543435115393	0.00918357514065314
GC>CG	6.07189202904874e-06	7.66164362950237e-05	1.58269170972423e-17	1.25748616532043e-06	0.000499346964268341	1.2824394170262e-17	0.0053387923767991	0.000380141911360661	0.00334975318515951	7.28221524645282e-18	0.00517322451073258	0.00085840314396438	0.00125298491028724	0.00119229844871772	0.000484137102374311	0.00198810824716761	0.000511188927756375	0.00260554950631696	0.000275710630025607	0.00174510385662018	1.51671522781138e-05	0.000281580876988797
GC>TA	9.7503974913074e-07	0.000843073980227197	0.00602879638992347	0.0226525847648123	0.000343205276670852	0.0011762948572245	1.25767886822056e-05	0.013446338819866	0.0187586146200609	0.00276166171022841	0.000311161183320977	0.000653022488544285	4.91128580845625e-05	1.32059394187534e-05	0.0023410810944841	0.00105647012143452	0.0121048578567878	0.0256135354042325	0.00137028219044376	0.000558011905377551	0.00328925088967979	0.000351950017033295
TA>AT	0.000231694634455065	0.00122551363889876	0.000803999969423543	0.0151361633898652	0.00112470673055657	0.00473086064545499	0.0437349939582179	0.00592788486764018	0.00807982849374431	0.00397644700066316	0.00111091928785486	0.00270381934164816	0.00352036676023177	0.0084792670519116	0.0135603939510526	0.00518402525279869	0.00471324884828	0.00547349327349539	0.00573534829098946	0.111222664884178	0.072813040296643	0.00468244129672785
TA>CG	3.46307171674455e-06	8.42083885344504e-06	0.00185197201435756	0.000193683379593306	4.74581628418805e-06	0.000142974901344856	0.00239053297353852	1.27769960405179e-05	0.000703726989431719	0.00157146117800966	0.000290931232683	0.000180106818125101	0.000137927312418252	0.000118904059710217	0.00821145068981828	0.00077096772635657	0.00391938861661721	0.001008661141774	0.000340779167108113	0.00445245633729506	0.00090471966312353	4.08852151197439e-05
TA>CT	0.000322078512837119	0.000124779455473914	0.000190742036462352	0.00434168885317556	0.00136528593229774	0.0144078727012618	0.0228080344203512	0.00250560071320078	0.00740216527375351	0.000619407994169135	0.00168381507686318	0.00104158901098006	0.0092349672139246	0.00265486031570699	0.00137337561566638	0.00669393721419015	0.00910178297579406	0.00583592607932479	0.00542969546197909	0.0807886517236106	0.0086231540976114	0.00792536588436454
TA>GC	8.9532132849096e-06	3.55658923038025e-05	0.00107154236513488	3.39275791069127e-05	3.04910767534496e-05	0.000141524677593966	0.00114931756511794	0.000468244965156887	0.000293100810991412	2.75124694531502e-18	0.000493453180604385	0.000576294193186248	6.93880869197712e-05	6.43723565648161e-05	4.14549077384886e-05	0.000538789444417482	0.000366330299546992	0.000133471012954087	0.00014355637000169	0.00192362256746897	0.00040219627309104	0.000392754343107974
TA>GG	3.13139748223455e-05	3.41380645105842e-05	0.00294001069954212	0.00107340480749482	0.000952036557886673	0.000116865038136961	0.00328050299870396	0.00012878237062468	0.00164521298765462	0.00318950536087985	0.000181416482448745	0.000826416861398384	0.000324822201925806	0.000281965873768255	0.00120860613203629	0.000559097065193868	0.00307249633655557	0.00190434430100233	0.000649809856863598	0.0065798713597837	0.00134406925764234	0.00144029547111214
TA>GT	0.000512378587856977	0.000562596601159694	0.000194923583459036	0.00389713632090836	0.00111557679153036	3.34976628137974e-05	0.0200179204313925	9.08006456556583e-05	0.00393838665498921	0.00134040899691103	0.00129168686452486	0.000494017889065806	0.00336473436651485	0.00280625779807446	0.000427977970835229	0.0034981268499235	0.00646872155496816	0.00357632732069624	0.00436416340958506	0.0377014038165795	0.00599849091039246	0.00390266655044011
TC>AA	8.41057149737687e-06	0.00108702109139635	0.00512088237190667	0.317443117722505	0.0408755517176637	0.0425313625396941	0.0258425529772986	0.0398881805306621	0.00323579732638029	0.00486259544558676	0.000181853404077745	0.0123143061151858	0.0645775931814493	0.00086303494355482	0.000438686145317171	0.0751511624679427	0.0526244086794333	0.00323807418008199	0.012772295030513	0.209465178596059	0.0210598893371039	0.146916932268608
TC>AG	2.38428127769674e-06	0.000149933685188797	5.72959490821942e-06	0.00156627606201554	0.0150753897071638	0.00768907607273322	5.27627427653861e-06	0.0119253318889106	0.0409516868448902	0.00017430747937118	0.03972285458941	0.00431622223806072	0.0637315737720642	7.811183900212e-09	0.000103633360024668	0.010165011187654	0.000210448439566182	0.0104416807261155	0.0027616766356996	0.00929474512535624	0.00680064289228346	0.0377972464266418
TC>AT	0.00189864793492963	3.12546098937865e-18	0.00104469738247705	0.0070440541602632	0.000756805000549822	0.000551607185253209	0.00301935982636634	0.0190188489537599	0.0454239269237115	0.00198748936747887	0.0708977535522846	0.0105867775228958	0.149724862471266	0.00271674475578569	0.0073563061823913	0.0263054966070584	0.00118716873234409	0.0648188836257655	0.0880523487143765	0.0278505464645062	0.0408080063322617	0.128654662865904
TC>CA	3.65679393154715e-06	0.000548192765991173	0.0655077893344201	0.075975974042898	0.00155130609477239	0.0117491113863803	0.0038311384844357	0.0194001182702359	0.0458832265194237	0.0173790515079819	0.000253390762237867	0.0141191583682228	0.038131216632482	0.00694176870074418	0.0198082208608391	0.0155715414511738	0.00518939472716597	0.0177679034633437	0.00475597443543314	0.0188463793501984	0.0266963887172489	0.0565315396365456
TC>CG	2.73018551450353e-05	3.1261285882536e-06	0.000116013693667347	0.000359224045501392	1.15001490365893e-17	0.000858282578743808	0.00230433724481489	0.0120148456358605	0.00732439192679038	0.000580680671122308	0.00291129569117151	0.00406511796883846	0.00734698685600894	0.00110936985162844	3.284671133054e-06	0.000287653855474928	0.00159269605974694	0.00207112171993552	0.00066711364938863	0.000589698381074197	0.0030926262731174	0.00505318490470655
TC>CT	0.00157232459307885	0.00269273706833384	0.0194023069844996	7.43261164816626e-06	0.00113907131843892	0.00934950486705351	0.0129919416792113	0.00965596771163601	0.0483278243838274	0.0180686968688356	0.0180608167771476	0.00370399040816075	0.0330417007119282	0.0436246084790563	0.046395501544914	0.00839132739113759	0.0200891382185951	0.0241030676917082	0.0191101354473061	0.0227183385962599	0.0761872917238612	0.0256391783990927
TC>GA	5.31145181912504e-05	0.000711364623817594	0.0778092520307893	0.03268942584228	2.66890251226506e-05	0.00730834556741427	1.27854203680407e-17	0.010592905498605	0.016265979580927	0.0302064466686352	0.000211158818763331	0.00743536995839079	0.0117768166233877	0	2.27028740078733e-06	0.00445987718223633	0.00603862409887362	0.00179575874398342	0.00336515367519462	0.00877750790160898	0.0063286554315915	0.0276209826656771
TC>GG	0.000340118238107411	7.93184811466917e-06	0.000177020661763118	9.33564748078854e-06	3.77552062710667e-05	0.00150348797237097	0.000998074606327892	0.00210535389321072	0.0035070576512094	5.11004728184579e-18	0.00658635720783474	0.00101429014551249	0.0156400070285736	0.000138417636312054	1.11099170676827e-09	0.00248908177152981	0.000275020621027702	0.00173710673525517	0.00126065390836781	0.00119378056151344	0.000591799797594973	0.00526681156352961
TC>GT	0.00422045065896373	6.88712647849187e-05	0.0434051610994057	6.28360888129998e-18	4.18779012087119e-05	8.26243254472487e-18	1.27854203680407e-17	0.00030422927828512	8.60596716188041e-18	0.031654700960967	0.0136579311130392	0.000813592522528509	0.0338652338403432	0.000765719932847027	0.000142685147940121	0.00474152071524237	0.00037698305855868	0.0076734074506284	0.0271995954180411	0.00677493153680406	0.00604035747190308	0.0194226343800052
TG>AA	0.00102474912162573	0.00215054855117217	6.04115090564127e-05	0.0061935393359507	0.0176499083416004	0.0229494183398068	0.0288785557153441	0.00861819401065186	0.013427639579432	0.000885161432431071	0.00635933260955195	0.00151100901867314	0.0176803269453463	0.000544647917745846	0.00310676021062578	0.00720520573711562	0.00722982320376651	0.00858008497026164	0.00873001315453678	0.0257056467545575	0.00177108177450129	0.0163314395013897
TG>AC	0.000177273967468552	0.000159838411552078	7.27108582056225e-05	9.57848005052239e-05	0.0014316040917307	0.00908976985335694	0.00334786798834878	0.00383584366341245	0.00617841387815806	0.000129034072432136	0.000703343860136569	0.000495137538404662	0.00406476957408126	3.67277828366776e-05	0.000138874448893697	0.000802811117521464	0.00203570096199386	0.00385576504921162	0.00182618888199712	0.00435341681790652	0.00138061727928288	0.00417126657139364
TG>AT	0.00180266148039006	0.00311684285100958	0.000866015260874021	5.67959817655263e-18	0.020003229061561	0.198894956545568	0.00164837818912171	0.00818977520635837	0.000633988650759514	0.0015583820836783	0.008527840738838	0.0105175452407903	0.0170176463711465	0.0013441390872206	0.00162732443163454	0.00899336009335212	0.00798278454539465	0.0230299514366716	0.0148158382906247	0.0550308996545125	0.0165686632093804	0.00880595488409475
TG>CA	0.000208689881782739	0.000104620951050666	0.0143733241864036	0.00065263532412715	0.000466741615914842	0.0102597401859779	0.0305397111678094	0.00504139478534485	0.0193765939633795	0.0182019055797287	0.0455630351991608	0.00838819121983428	0.0263151024626314	0.00782991807549851	0.0688205238491228	0.00547899145076504	0.127633410405269	0.0134380344324631	0.00665814846790776	0.00274683854049207	0.0706713150404913	0.00463073275583093
TG>CC	7.7043059868451e-05	4.3147153318125e-05	0.000437527641249345	9.74083542125499e-05	0.000496158615230359	0.00710081965805241	0.00134170341502754	0.00124540426574515	0.0100282368314239	0.000118436908707763	0.00254210906976948	0.0122513798386552	0.00478423411765767	0.000572759204191847	0.00016973039229155	0.00243543547268436	0.0151645798596648	0.00322999839104787	0.00177804006969709	0.000147722012127869	0.00359711001932781	0.00389220203420962
TG>CT	0.00138378536480862	0.00223046812013974	0.00548717465450224	6.66135728992815e-05	0.000321620825271952	0.247493724900428	1.1556424274733e-17	0.0194282989708758	0.000822655345999294	0.00269911835735048	0.00453193862964706	0.00982103319462513	0.0151661486111576	0.000563858661998656	0.00321194338534812	0.00989475859436333	0.00327569709364658	0.00902993667904533	0.0159610820796599	0.0136550816614931	0.00293178436653575	0.0299003934286568
TG>GA	0.000304432481137053	0.00106800899229504	0.000472783363839992	0.00637212131867371	0.0032063999712623	0.00669583044663596	0.0105419504729494	0.000270003903152338	0.00525207711815253	1.25911832970023e-05	0.00593700188853048	0.0012349475453324	0.00560995863655189	0.00467801902105089	0.00477138404293497	0.00119469056546429	0.00873928957496931	0.000658579499630476	0.00311730784198689	0.0215759535270136	0.00796365309830162	0.00181707922819615
TG>GC	6.64796073059742e-05	0.000197618320495327	0.000450183309778319	0.000490288067106233	0.000286321014472544	0.00503987234048796	0.00495791183070872	0.00352698329387978	0.00332291624993793	4.61884496192014e-18	0.004970513152335	0.00104877868336254	0.00201638041143975	0.00402449436548658	0.000567451242744056	0.00141259174582207	0.00655631378377422	0.000709574921468598	0.00129580387863368	0.000584928244941031	0.00211042104249566	0.00161618402915885
TG>GT	0.00142118519158245	0.00464983578499572	0.00931102150462168	2.620728872895e-05	0.0810915222299806	0.0246593751874338	0.011129744216085	0.00783109890539848	0.00283850091202676	0.0013526758082042	0.00425579887470111	0.00298731943557751	0.0176076874611857	0.0430951834247571	0.00504886049748204	0.0291254926833286	0.00283921926909903	0.00264885603594373	0.0090729786283448	0.00591860318923817	0.136463729145389	0.0149278666539975
TT>AA	0.00284451913409901	0.00216907351982165	0.00201630135929619	1.01165280064383e-05	0.00334175402581177	0.000120317076671292	0.208005249775545	0.00247071474231399	0.00020074138125875	0.00626096678845618	0.00268353706123839	0.00159778201905477	0.00839269036357932	0.177425897173074	0.00499781359388979	0.0233298484820305	0.000128683303393764	0.0161083611945255	0.034784492453446	0.0489012474855263	0.0380383231820916	0.00867172311608784
TT>AC	0.000373051647259245	0.000173626533481875	0.00152161877241366	3.70939360236072e-07	0.000656125082067209	7.97956619318981e-05	0.0354051489356465	7.80139881811273e-18	0.00392063339764728	3.19943135583233e-18	0.000585089762417058	0.000153047246328176	0.000937253669332898	0.0113674803135575	0.00225228957398867	0.00602498473302774	0.00727509868791652	0.0103323922296728	0.00632959521769117	0.00823041193277032	0.000748269724664363	0.0016810241805244
TT>AG	0.000216577081143229	0.00010820229783015	0.0143395330798916	3.93420533583712e-18	0.000606542099790816	0.00132162052006064	0.0477084378498616	0.0100760996179806	0.000540411813516646	0.00300526430025135	0.000714484446015385	0.00113758491284622	0.00368676788085845	0.00622346724396773	0.000159518298704397	0.0213269233407158	0.00388895480198606	0.0047588165947922	0.00619019036946941	0.0121437291511981	0.00214602865197817	0.00216592380373529
TT>CA	0.000375642143408062	2.09817240009916e-18	0.000434568968056812	3.93420533583712e-18	7.1323850440054e-18	5.17315874022475e-18	0.0864770757838575	0.00434100414484716	5.31758228611392e-18	0.000557010204747589	0.0011364242921346	0.00122803729721967	0.00242413317209689	0.0068340346953175	0.00161476318015252	0.0622828995392352	0.00844193607827203	0.010037117309623	0.0145079627841012	0.000499953643182911	0.000319897666976605	0.00402087275702312
TT>CC	0.00280825011603305	1.49941336985504e-06	0.00510963254240403	3.93420533583712e-18	0.000525035920606986	5.17315874022475e-18	0.0313335567106409	0.000202901956252145	0.00303760793190973	0.00124355765637201	0.00225034528334443	7.00349587419241e-08	6.68334829302435e-07	0.342536037481475	0.00829925275141073	1.33650577344844e-06	2.30828606378421e-06	1.25398960022615e-07	0.0223516256188362	0.00215023612730755	0.00781712825984266	0.00239922363999145
TT>CG	4.34080338474037e-05	7.64801450395858e-06	0.0199125391371138	4.07471266925988e-18	7.1323850440054e-18	6.98064793861653e-06	0.00236329343421317	8.00568500486313e-05	1.16598149795189e-05	0.00370476534703182	5.60374221093353e-18	0.000623110341086306	0.000545336396845699	3.07488307018956e-05	0.00163159364177699	0.00776339171448727	0.00387142093955682	0.00226269055358467	0.00243743387140747	0.000769214078852553	0.00128776334489959	0.000597637002719826
TT>GA	0.000963716884918624	2.41013088644484e-05	0.00770201982537212	3.93420533583712e-18	2.0310315506263e-05	5.17315874022475e-18	0.0385916125700878	0.00250522177910398	5.40002542233274e-18	0.00375226243830015	0.000397748671034526	0.000164791885393371	0.00179930821320077	0.0145417196278088	0.000482157491959922	0.00566395971878146	0.00526208128808717	0.000802792311974215	0.0108080040787302	0.0010518895418797	0.0457517643309946	0.00301672430031621
TT>GC	0.000549214709300153	7.74864627374751e-07	0.0416410013217345	3.93420533583712e-18	3.84469517610196e-05	2.54918304186979e-07	0.00324842202477753	0.00019738091321246	2.09641117813572e-05	0.0111402032314076	3.25197088144536e-06	0.00243562438648671	0.000480632674238166	0.00584495462889002	0.00634029891896658	0.00923552498007044	0.0110398986792997	0.0015977010515938	0.00635614864736935	0.00211521970627605	0.000114663553032559	0.000933029234650009
TT>GG	0.000834184825538944	2.09817240009916e-18	0.107076861078555	3.93420533583712e-18	7.1323850440054e-18	5.17315874022475e-18	8.00502863610125e-18	0.000371297566103574	5.31169349066971e-18	0.036572682989407	4.12966544460363e-18	1.09522754628328e-07	1.47670171807776e-06	0.161041100869287	8.64961729487221e-06	0.000190743041160831	2.88535757973026e-06	2.34235793249791e-07	0.00696484755380548	0.000147393613555127	1.93877373925218e-07	0.000918674536104188
