Type	DBS1	DBS2	DBS3	DBS4	DBS5	DBS6	DBS7	DBS8	DBS9	DBS10	DBS11	DBS12	DBS13	DBS14	DBS15	DBS16	DBS17	DBS18	DBS19	DBS20	DBS21	DBS22
AC>CA	3.99580878187862e-05	0.000292754692859283	0.00589796584758318	0.00354229820752829	0.00201906142616658	0.00239013424069132	0.0615831686680502	0.206224222264356	0.0217754409898845	0.00609327140232576	0.0011740466949547	0.00275732662242754	0.00201007716734998	0.0280087739408475	0.0140902125410517	0.0575253976447833	0.0187428571530352	0.00920567273284583	0.00493138250398861	0.00587914026423216	0.0338495095399947	0.0138194348005948
AC>CG	2.12252216985102e-05	2.48084596131813e-05	4.32080440703298e-05	4.24201007165151e-05	0.000435891235137674	0.000131187513245237	0.00838550816950716	0.000933284476344009	0.0018323241228306	1.11989858612733e-05	0.000166252012884216	0.00131542562742422	4.80339498889036e-05	0.00066170112362827	1.11830374061164e-05	0.00434837952531598	0.00161488765344385	0.00241520833257029	0.000604090151528989	0.00223097290269536	9.26706095928352e-05	0.00180544144933254
AC>CT	0.00344997567437431	9.8628887686763e-05	0.00280501697316762	7.11562979760899e-18	0.00190584304607435	0.000215651641977016	0.0182468645419664	0.305020012394013	0.0252276451788382	0.00854196952169032	0.000647867520172988	0.000254021830074022	0.00266135876786598	0.00207293829880484	0.0137624768098499	0.0141004324542045	0.0131093134734762	0.0179761972487504	0.0159680248983661	0.00277205844353701	6.58483725197788e-08	0.00179741049645264
AC>GA	0.000102131907682013	0.000185515626224121	0.00543355928547853	0.0037647617022476	0.000526465939211463	0.00770953003030875	0.0130545579693123	0.00111265206266031	0.0223950672011377	0.00338515098997355	0.000378780032344626	0.00397281484036747	0.00257639090765376	0.00110813375672845	0.0147802086765791	0.00862400942044773	0.0173653733260962	0.00654539946459172	0.00331033904402422	0.00185325069679165	0.00733775851809776	0.0081890935987579
AC>GG	4.59075817797322e-05	3.2634472109453e-18	0.000417965812973657	5.995260202072e-18	1.04735729562782e-17	9.34485657346455e-05	0.00340787093887352	0.000776937780453749	0.00631133756305814	0.000373315979196815	0.00192817865337118	0.00411214116548024	0.00136576282131301	0.00037330055109146	0.00158313350932212	0.00358101986889105	0.00729703897769126	0.00444723054376685	0.000765810919526882	0.00307911841150298	0.00200038575932079	0.00100624339641939
AC>GT	0.00238040298558822	0.000219174523369336	0.00938101645717593	9.57873241985826e-09	0.000775546375414382	0.00011860786407504	0.00603756534514025	0.000144836250677243	0.0107106848140735	0.0181595946755341	0.00489328832105173	0.00109513674283007	0.00414065612545329	0.0045189481411633	0.084420303875657	0.00363947147224458	0.0276358582909406	0.0108980231092962	0.0116967384707861	0.000369729321705032	0.0266431843734464	0.00235132868107629
AC>TA	0.000965028020107205	0.00115849480363935	0.000938101459876537	0.0010866473259553	0.00139636033565929	0.00907532166667082	0.00727191238392987	0.0118938622114436	0.0364694379209929	6.64378254442373e-05	0.000226239587524943	0.00390471523642799	0.00240627983999478	0.00224230412506019	0.00231964562531886	0.00578652865865658	0.0078382478221651	0.0204545577018621	0.00612429632410247	0.0109038715899338	0.00633281358088715	0.0120342268120517
AC>TG	0.000138320910677973	4.9773439476288e-06	1.03141782619497e-17	4.54134545977209e-05	0.00105670519538258	0.000403447127311207	0.0013389978564545	0.00246509867043442	0.015844731955918	4.84656676256234e-06	0.000204815637373234	0.000876128372931611	0.00399613176356717	0.000108602961198668	0.000336323940253738	0.00111067507852374	0.0079670164582578	0.0123753043804759	0.000999174507503888	0.000152612671980648	0.000455923156598119	0.00198178187758751
AC>TT	0.0213110367170115	0.00228567929648361	1.65398534290724e-06	0.000137755856101019	0.00704784557608939	0.00285737796771841	0.00158318354509333	0.00025706117245695	0.0393020158986933	0.000449244470625182	0.0024166503732055	0.00183413987979361	0.0146804239687461	0.00107183254959454	0.00631283007089295	0.00425530704156908	0.0158056841230725	0.0150199822425502	0.0656508560994592	0.00293393771956672	0.00557543657489337	0.0091755008253431
AT>CA	0.000249353052993567	1.90300911392884e-05	0.00420639169819244	0.000504183749530377	6.55492878283213e-05	6.5894966882648e-05	0.00958033825715639	1.71596723952732e-05	0.00723176167805097	0.00143683695654392	0.00522614624785246	0.00068393196000644	0.0025248594224386	0.00211479818928879	0.000676757909802486	0.00514705737587374	0.00590813572794451	0.00261611008360506	0.00273189878554368	0.00168242393341641	0.00398544522132909	0.00315491305857469
AT>CC	0.000153647114058273	2.0993513240961e-18	0.00542528931972551	3.85120458692949e-18	1.29288536150535e-05	3.6928088681341e-05	0.00540296540737882	8.82358996126587e-05	0.00101358550938653	0.000472161606434275	0.00104743408378962	0.00122508193719123	0.000604815105751948	0.000334621654127959	0.0058566120134809	0.00136814837754455	0.0041040979588893	0.00104338486010467	0.00129443119451568	0.000927967941041608	0.000278539781416807	0.000605433792924171
AT>CG	2.05844805353488e-06	2.0993513240961e-18	0.0087234829190356	5.20462791319328e-18	6.37337854263202e-18	1.05178593740283e-06	0.000958034257449303	0.000164131031951983	5.25189186321734e-18	0.00105422304449351	9.59294744268783e-06	0.000476211951856327	1.39799469697999e-06	3.94959115314169e-08	1.75462556275049e-07	0.00238863259312743	0.000824501084124352	0.000426131269154608	0.000188287485847071	0.0011677890873165	2.54400043916338e-07	9.00293450021128e-05
AT>GA	0.00109673853693337	8.45963067376046e-05	0.00108147291313477	0.000178335530118608	0.000673701317285299	0.000936406175878459	0.0124285473716051	9.99594124832854e-05	0.00362726924184775	3.28056768920327e-05	0.00617434956012975	0.00225219444585706	0.00128020314379925	0.0037992897781377	0.00458536356801104	0.00311003404395728	0.00827252075322179	0.0015147784247894	0.0064415084312935	0.00635863183928512	0.0075966538447215	0.0017053011228143
AT>GC	9.00152093038752e-05	2.94513315250891e-06	0.00313686901959266	9.68302867570844e-06	6.37337854263202e-18	9.93995501281793e-06	0.00801813937193994	0.000139450114659716	0.00103066839842969	0.00166070680303106	0.00230435553565598	0.00141730338973091	0.000180178716527207	0.000426911940400707	0.00859248501794097	0.000988435847112684	0.0063610545136294	0.000283731070065065	0.00147871779487669	0.000277016238641384	0.00213394996837753	1.14691331194795e-05
AT>TA	0.00121055106076972	0.000230625070387158	0.0014041220725697	0.0024933974895016	0.000481301765840321	0.00127166236552125	0.0293451811261711	0.000194366004359812	0.00523875643736421	0.00119261537983401	0.00211691981768341	0.000946408947152883	0.00631035246290963	0.00839190781148515	0.00721736390890666	0.00428227303369853	0.00729790840190645	0.00458944956203707	0.00776263937392729	0.00220362129278147	0.0585881393138998	0.00469674096641628
CC>AA	1.08961363676816e-05	0.724585051824055	0.0107947048718489	7.65431648546854e-18	1.26671682445971e-17	9.53331381578852e-18	1.55140132916755e-17	0.046724487866332	1.02117745195828e-17	0.0110831492860877	8.05378405722389e-18	0.0114297246833958	6.11753965301187e-07	0.00475504341860765	0.01979461664192	0.0444689685962605	0.000407668174184863	0.0120977410621894	0.0258651221011518	0.000566186027177606	0.0061757227086342	7.27092883965333e-08
CC>AG	1.26436299360834e-05	0.0726586666679142	1.31872120433524e-17	0.00594022634729325	0.0293130083806368	0.0707684531880985	0.000142440608762065	0.0190086502220492	0.0298781804807875	5.76784148262516e-05	0.0010649995311393	0.0137683987606207	0.0139279372808348	0.00019737640191619	1.03922728646443e-05	0.0139059641151045	0.00140398856710171	0.0543109176074673	0.00790045022509717	0.00593857368240927	0.00272657877097117	0.0300786571428167
CC>AT	0.0192273160667866	0.100080807793098	0.00699458874665242	0.0171752408324543	0.00293130095870338	0.000503191275037838	0.00146152816964634	0.0353192969970221	0.0220691108397012	0.0084943842826702	0.0378008989760709	0.0103977887056058	0.0516131859712729	0.000863012280849014	0.0339588684005371	0.0239219785328669	0.000845627997814389	0.113143211644393	0.106075928869166	0.00827679527902501	0.00282288705015	0.0478815264067078
CC>GA	0.000137778560557154	0.017714302774256	0.000754085177901003	0.00388357383565352	8.15524355556915e-05	0.040783768045597	0.000518053061763803	0.000992128461827544	0.01244924224437	0.00274247272072893	0.00104418132116607	0.00878454891472725	1.24020297059111e-05	0	1.03806483983528e-05	0.00387387760516715	0.000866414751451026	0.0182197190444074	0.00484743539770931	0.00127249921154591	0.00149224406236565	0.0156699544069935
CC>GG	0.000100943452010032	0.000450363392424337	8.61326912741483e-05	7.98235862056005e-05	1.43561240105433e-05	0.020793977950596	0.00351658919448506	6.87008401783855e-05	0.003463152377324	5.99434858152209e-18	0.00378009011675767	0.0150778722745187	0.000917554627768975	0.00323324996581906	6.87005957830514e-07	0.000228093373528116	0.00381724875747213	0.00594420621032684	0.00134342862879706	0.00401218757869914	0.0038554383393724	0.00113823967341821
CC>GT	0.00711513490266298	0.0011008890708344	1.35436231796592e-17	8.73685553127052e-05	2.99186449967625e-05	0.00395200423035043	0.000279610914999932	0.000280837993442782	0.0202583118854564	0.000873708259436868	0.07614963716302	0.0051577065973539	0.0279695940190559	0.000753683656181652	0.000604056091267282	0.00353153918018926	0.0109447776196919	0.0216875963404301	0.0151592924639498	0.00621149220041786	0.00609614535678714	0.0196494912977273
CC>TA	0.0106932667555137	0.0160129288466571	0.0247007554077958	0.000185973647226078	0.00153199628102898	0.0025504210275213	1.55140132916755e-17	0.000878076479526402	0.000777512284962629	0.0193348368749674	0.0644258795842828	0.00754158648402817	0.0493184121797253	0	0.0600099994776612	0.0091933654984417	0.000336391867511507	0.0258484831083722	0.0455717238139088	0.0148575873058039	0.000884067824053326	0.0111245574793137
CC>TG	0.00262190645603344	0.000237191353323608	3.44530765096593e-05	9.07583240419841e-06	0.00580228689421086	0.00789252024325682	0.000404836803924741	0.00516299449987957	0.0175421134540892	5.99434858152209e-18	0.0353904068865085	0.0201502817737707	0.0113821130179597	0.000847652060854425	3.30134842679977e-05	0.000545221923268065	0.0366029974388027	0.0206014115552946	0.0070390632796664	0.00297879648354944	0.00963189644769714	0.00645145880478019
CC>TT	0.882194502190191	4.17248657818791e-18	1.31872120433524e-17	7.65431648546854e-18	1.26671682445971e-17	9.53331381578852e-18	1.55140132916755e-17	0.00537147701380661	1.02117745195828e-17	0.016665173243271	0.363765172469385	0.000985581057192145	0.000118892534776858	0.0096789073489135	0.100793436270118	0.0210878414598159	0.000951802635420669	0.03653303464452	0.0978034922600119	0.00875504139286169	0.0120636594075588	1.33300362060311e-07
CG>AT	1.29241211635353e-06	0.00239974743660179	0.000703204840177036	0.00066148204026983	0.00412491606456719	0.0180612320155204	0.000222210395828177	0.000823366424906003	0.000516786368143181	1.24985329189738e-17	0.00415787552423739	0.0436889359241559	0.00102637150846796	2.41203408644146e-08	0.000449360724837644	0.000352471984205671	0.00605685329545941	0.00196516210275094	0.000665316638992285	0.00454847090068809	0.00215548253969781	0.00104521532964988
CG>GC	1.1616705921453e-05	0.000770005976481588	2.74960325699771e-17	1.16277475799681e-05	0.000249527810602017	0.00141328036843327	0.000668846134908324	2.89047693948721e-17	2.83265034359316e-05	3.20475203050611e-05	0.000379235508569066	0.124790103194182	0.00291084777056288	0.00453159405832372	6.68958457238964e-06	0.000510820079386903	0.00563323907758315	7.65504623141444e-05	0.000118914587318755	0.000470236067706916	0.000551167703288389	0.000684022848998915
CG>GT	3.64361624842621e-06	0.00267102434042685	2.74960325699771e-17	1.59596535411326e-17	0.0162984447299511	0.00771315219112108	7.40701319427258e-05	0.00309401255902262	0.000234637870127633	1.72044582690328e-05	0.0026957663536187	0.140006203137067	0.00587685453408309	0.000598690081700946	0.000553022624321894	0.00393775654859675	0.0114850091270125	0.00383417254561692	0.000240448438675368	0.000754776395128905	0.000519258613865082	0.00115532880014896
CG>TA	0.000763211149128434	8.69985456171385e-18	0.242407824759696	1.59596535411326e-17	2.64117138238022e-17	1.98774620683279e-17	3.23475358822338e-17	0.0012938593323287	2.12920884160085e-17	0.603868922028258	1.6861105574705e-17	0.0443530886126003	0.00163003725613054	2.34836237919068e-07	0.000210867339781847	0.00477399233750356	0.0141064448756933	0.000605566458462985	0.00496361798009463	0.00159247881955465	6.77037875220927e-07	0.00238454018695529
CG>TC	2.70056263118649e-05	0.00448648578933102	0.00178772763257857	1.59596535411326e-17	7.49589592332672e-05	0.0213429147875032	0.000174261614763804	0.00231411583775347	0.00031384821590231	0.00446997969859194	0.00156491393586869	0.173842792354936	0.00550560546996231	0.000742648066400422	0.00149606984307684	0.0032720002418669	0.0135973103580705	0.00286998856730413	0.000777672589160243	0.00397708501437604	0.00698944465948728	5.58686318062233e-05
CG>TT	0.000265838241485176	0.0116022616527454	0.0177534649113792	0.000823431484603222	0.00558372557350318	0.044793772160604	0.000111999764724991	0.000841264360433076	0.000195688927903227	0.0131063175149825	0.00159689748829963	0.160209716550381	0.00408552993589695	0.000398629832124439	0.00647900081282336	0.00968760817912677	0.0297222914427722	0.00605145668654612	0.00426080657640039	0.00121828367909122	0.0117344498897584	0.00726627120810528
CT>AA	2.31696960033806e-05	0.00261414505842397	9.95313264926328e-05	6.22845480075e-18	0.457418716888393	0.00418804040475397	1.26240312572496e-17	0.0205570450996173	8.30950433672571e-18	0.00258707503186597	0.00392292141457908	0.00457277664250395	0.0598614386182396	0.00031185972531028	0.00354461047607418	0.0647931944637002	0.00980170584791177	0.0246205526552687	0.0103739450310894	0.0116794771053892	0.003196575479744	0.0564737944869115
CT>AC	0.000350562519237865	3.39522726925611e-18	0.0281199010281334	6.22845480075e-18	0.20515131305929	0.00182292003393911	1.41042827099802e-17	0.0139708075043255	8.30950433672571e-18	0.00855775499215058	0.00209519686724879	0.00450554762461463	0.0251293270269129	0.0131194037832386	0.0722967242261474	0.0879057022951199	0.0137431557735053	0.0242593999987097	0.00682775016682045	0.0069277442531031	0.0277031563472452	0.0310101959847612
CT>AG	2.38388568987852e-18	0.000478038229073076	0.110160437296485	0.000323134904400682	0.0262083255950106	0.0369258063183975	0.00175878310698	0.0203574620211819	0.00053597776941608	0.0174446552931959	0.00044222007007367	0.00240077932726244	0.0128944877592087	0	2.78095687930573e-06	0.0350945446529341	0.00765100533425137	0.0067422334359786	0.00270517419696037	0.000693322722751893	0.00160644991801198	0.0119052491002127
CT>GA	7.46114398376013e-05	1.47370775955721e-05	1.66277068647424e-05	0.00059909015346494	0.015803522425281	0.00686165595606202	0.00261025725771787	0.00555838509074348	0.00261542570229521	4.87770910320084e-18	0.0103422472846509	0.00112037488247589	0.00106165934701776	0.000295749009453355	0.000266675792555111	0.0011805644796173	0.00519657804536973	0.00338398003628613	0.00324696710032882	0.00380400497958756	0.0021474010761541	0.00530907028859144
CT>GC	0.000210839214924049	0.000109126024087256	2.60049601547424e-05	6.424206237345e-05	0.00476068878915308	0.00167334652812757	0.0217754037781022	0.000236506082712466	0.00286407610418323	4.87770910320084e-18	0.00544751096321301	0.000504828992749768	0.00376537812067496	0.00642890939386611	0.000314537573893882	0.0093856387589457	0.0104441285082346	0.00113611087289466	0.0034390661953757	0.000770497715194844	0.0022802604461269	0.00480592964772884
CT>GG	9.03367208796067e-06	7.31154457504074e-05	5.79069558836087e-05	0.000824304850605259	0.000559503987123912	0.00636619646353679	0.00558343726005441	0.000305361740646469	0.00957761668807609	4.87770910320084e-18	0.00358412373710487	0.00647165015047715	0.00257144304462645	0.000138421773875042	0.000229144225528888	0.00435239691139311	0.00729489314360962	0.00184192011335811	0.00103216093817825	0.000611698132445976	0.00257218486714403	0.00447682826522267
CT>TA	0.00653434359685812	0.00275258891069141	0.000177802389649834	6.22845480075e-18	0.0032784944984682	8.26212885540068e-05	1.26240312572496e-17	0.0108772712859802	8.30950433672571e-18	0.00265290435694905	0.0371785962957397	0.00601089004023517	0.0301644438539964	0.00203066934805424	0.00323707921088949	0.0188312564374364	0.000858688535316203	0.00883439284810322	0.072981143489076	0.0219890129933175	0.0116952864868454	0.0145826947159529
CT>TC	0.00878496924022134	3.1265402191711e-05	0.00612646602686147	6.22845480075e-18	0.000232635418830368	7.75742867645087e-18	0.0882183000507852	0.0177628839980601	2.76369323837884e-05	0.00181029426196837	0.00266580329422981	0.00515394460521648	0.00825872979104648	0.0403274984932002	0.062919705585668	0.0984095938007072	0.0176346810275669	0.00586438537345426	0.0467828378354554	0.000802313555652185	0.0585664586757067	0.0042371186536706
CT>TG	0.00187412644781944	0.000317606819873676	0.0504418840494183	2.74052011233e-05	0.000857905197367571	0.0104701024138299	1.26240312572496e-17	0.000963986198964492	8.71484601168795e-18	0.0300838014518235	0.00131952803111898	0.00180299375889924	0.00379749415843818	0.000543355890666495	6.82942471720658e-06	0.00685844714200589	0.0230078150935113	0.00240856763134351	0.0138286038746521	0.00730045278229709	0.000676838957486241	0.00493864136329617
GC>AA	0.0017989554973213	0.00562990003338912	2.84164581701204e-05	0.397340847439919	0.000177661017393078	1.05567460375848e-17	1.71794930397335e-17	0.0175184412776488	1.13080417029573e-17	0.00365501340711079	0.00121330306133274	0.0205034704873658	4.21246490454333e-08	0.000414854351500568	0.0563954824408615	0.022552027352383	0.161324589773783	0.0439821939289222	0.0183493301497051	0.0168475463611796	0.0235619193630872	5.55242071472934e-07
GC>AG	0.000121827743834674	0.000360180862111613	0.000686441645555808	0.0136888768231332	0.00355321901195395	0.00465614187267469	0.000138728207068644	0.0115703201073853	0.155402529514283	6.63786138363384e-18	0.00399176673203674	0.00795871451059874	0.0224081397131007	0.00094907736910305	0.0050512367457266	0.0108788486295179	0.0242173947251811	0.0534030197904781	0.00551434455485612	0.0160719597574802	0.00556220793154416	0.0409304412205316
GC>AT	5.54347139016195e-05	0.00105616074779974	0.00524693850074715	0.0111933827856934	0.0020971999467163	0.00239167914690514	0.000664848281024082	0.00748268340171674	0.157909022148228	0.00694273360925603	0.0330018379293539	0.00537750821845969	0.0229406164053856	4.91319122265835e-07	0.186673220417198	0.00585519346445515	0.0592504034647011	0.0640010079264487	0.00546029320912501	0.0278459729059835	0.00813780610893049	0.0174878365706637
GC>CA	6.55654932388765e-05	0.00117474257573446	0.000311660136134331	0.0144157195938321	0.006117947881499	0.0110551579997557	0.00127270777473893	0.00655923096122399	0.034338945950886	9.40632435342063e-05	0.00256006882845157	0.00406689297992383	0.0137323820486038	0.000310941351714465	0.00153359858615337	0.00541768735914468	0.0145393753781447	0.0295707834397439	0.00145090916516828	0.0164922711478039	0.00467669237455572	0.00834553209904997
GC>CG	5.86219253785094e-06	7.41261076118207e-05	1.46029021152008e-17	1.19027709842928e-06	0.000431462089123872	1.14979499011767e-17	0.00503384421203286	0.000328640595166758	0.0031331161058468	6.63786138363384e-18	0.00490174402803629	0.000781690028978989	0.00114207846693652	0.00113860123408429	0.00045266404911067	0.00180742548268151	0.000473650287602294	0.0024434959717548	0.000256245889809495	0.00162542463506149	1.40308627262837e-05	0.000255885340011658
GC>TA	9.41365675495675e-07	0.000815670835203102	0.00556254405160612	0.0214418683953579	0.000296547443494952	0.00105462910433163	1.18584111247718e-05	0.0116246398003248	0.0175454471839504	0.00251730098611335	0.000294832066332323	0.000594663674735208	4.47656928727332e-05	1.26111871869044e-05	0.00218889079628169	0.000960456263834103	0.0112159499041124	0.0240204879741891	0.00127354240620955	0.000519743449203597	0.00304282747737687	0.00031983297565785
TA>AT	0.000223384768080333	0.00118404699286013	0.000740799056965579	0.0143074491493526	0.000970467652416702	0.00423570057030945	0.0411800957423664	0.00511772277340567	0.00754687861281874	0.00361960690258688	0.00105117095141122	0.00245879592714331	0.00320434712003062	0.00808623813162902	0.0126613929075525	0.00470640205052646	0.00436112243065748	0.00512599795717036	0.00532310135933439	0.103452358915191	0.0672652926248134	0.00424928765381729
TA>CG	3.33886658234451e-06	8.13591020556973e-06	0.00170639200738576	0.000183079095622175	4.09498855389423e-06	0.000128010295916907	0.00225088351034521	1.10307681529421e-05	0.000657308774551031	0.00143044072412444	0.000275284139899265	0.000163785318063002	0.000125545721915603	0.000113392647707385	0.00766706364874541	0.000699935650632759	0.00362657142888405	0.000944624336572685	0.000316284549016131	0.00414139610428982	0.000835787554475085	3.71030897821183e-05
TA>CT	0.000310526974709603	0.000120557400860405	0.000175748166801942	0.00410397872229059	0.0011780545075416	0.0128998588610532	0.0214756412684668	0.00216316107976533	0.00691391442730394	0.00056382329522767	0.00159325480770488	0.000947198941329368	0.00840595387100184	0.00253180287725208	0.00128232618774723	0.00607720030182176	0.0084217895495158	0.00546542101470647	0.00503941832788787	0.0751445454313541	0.00796614152302381	0.00719222244771097
TA>GC	8.88890308677148e-06	3.53847523226366e-05	0.00101668261105384	3.30240958763453e-05	2.70923197101747e-05	0.000130481497085305	0.00111437147316396	0.000416276384058388	0.00028191222108061	2.57885808492043e-18	0.000480804426343341	0.000539660608874497	6.50381559569157e-05	6.32148748208553e-05	3.98581184118801e-05	0.000503700817476843	0.000349045795242636	0.000128715976953519	0.000137201565967048	0.00184246236538933	0.000382605821096567	0.000367025675872606
TA>GG	3.10890491044794e-05	3.39641965724578e-05	0.00278949097281885	0.00104482029693703	0.000845915643143757	0.000107746051022921	0.0031807561898781	0.00011448934545649	0.00158240997672971	0.0029896559088629	0.000176766208429665	0.000773883602992106	0.000304459136502002	0.00027689583487698	0.00116205219000647	0.000522685905792993	0.00292752723020541	0.00183650016384983	0.000621044750166498	0.0063022578100941	0.00127860141014906	0.0013459441710002
TA>GT	0.000508698214402415	0.000559731250928424	0.000184944080827042	0.00379335652270701	0.000991226493632178	3.08838378374046e-05	0.0194092565517527	8.07230557856403e-05	0.00378804591371388	0.00125642105106937	0.00125857687481604	0.000462614404171145	0.00315379956700655	0.00275579837195654	0.000411492813995312	0.00327031157013326	0.00616350889388388	0.00344891714538295	0.00417097516414014	0.036110731298911	0.00570631229989419	0.00364700952011348
TC>AA	9.2407542157513e-06	0.00119683172578971	0.00537691932887571	0.341945310240671	0.0401929358224665	0.043394903212453	0.0277292439447201	0.0392433031405344	0.00344421985664202	0.00504404183980307	0.000196090525671441	0.0127614226358719	0.0669850415756305	0.000937909480103327	0.000466774830602738	0.077750278084293	0.0554893285570632	0.00345577107910439	0.0135088448326904	0.222025711138984	0.0221708471234196	0.151935749832337
TC>AG	2.61962665382309e-06	0.000165079953479108	6.01606664071102e-06	0.00168717078445727	0.0148236328449816	0.00784519216044486	5.66147998852568e-06	0.0117325335009516	0.0435894460522155	0.00018081171439767	0.0428327172488759	0.00447293868245784	0.06610748261873	8.48886071827283e-09	0.000110268912266041	0.0105165698123057	0.000221905440848649	0.011143678700294	0.0029209363752251	0.00985210243604497	0.0071593925064053	0.0390884351364617
TC>AT	0.00208605787542506	3.44119437921976e-18	0.00109693079057686	0.00758775714674291	0.00074416646476911	0.000562806808576061	0.0032397946617638	0.0187113687550302	0.0483497497824796	0.00206165197946412	0.0764482679524014	0.0109711697157679	0.155306595421775	0.00295244205405751	0.00782732395085093	0.0272152766394887	0.00125179925997836	0.069176680630609	0.0931301315147178	0.0295205982485322	0.0429607228851912	0.133049624506312
TC>CA	3.74716822326797e-06	0.000562923285040404	0.0641508559202858	0.0763286890569153	0.00142267071443157	0.0111803458991711	0.00383399246321951	0.0178010859397933	0.0455495714471607	0.0168134719097804	0.000254827764681238	0.0136464204259091	0.0368890464904017	0.00703596183607086	0.0196571147094905	0.0150251440809431	0.00510340151200745	0.0176854106696481	0.00469147680842086	0.0186311710427671	0.0262119608588817	0.054525508776981
TC>CG	2.79765953320912e-05	3.21013096766544e-06	0.000113610577045127	0.00036089172684198	1.05465486799074e-17	0.000816733776199619	0.00230605384410625	0.0110245358681879	0.00727113018599757	0.000561783141501323	0.00292780591823995	0.00392900960786306	0.00710764994224741	0.00112442293522521	3.25961416217062e-06	0.000277560229827074	0.00156630356849339	0.00206150591933678	0.00065806666061331	0.000582964568275047	0.00303650803412696	0.00487387181818707
TC>CT	0.00161118314625815	0.00276509375952064	0.0190004060971996	7.46711721067722e-06	0.00104461873246864	0.00889690249432948	0.0130016199317892	0.00886008573104496	0.0479763926088569	0.0174806736208231	0.0181632413391515	0.00357997332738033	0.0319653276587551	0.0442165525249016	0.0460415754791864	0.00809688003448775	0.0197562420570952	0.0239911620076963	0.0188509754360471	0.0224589160776899	0.0748048108589215	0.0247293679921387
TC>GA	5.44271945551593e-05	0.000730479743155493	0.0761975051670633	0.0328411850193017	2.44759525967662e-05	0.00695455415369407	1.2794944774068e-17	0.00971979750360992	0.0161476961252026	0.0292234154622374	0.000212356319950125	0.00718641875302849	0.0113931726888308	0	2.25296861208851e-06	0.0043033823887333	0.00593855834386804	0.00178742139816769	0.00331951751176938	0.00867727683951105	0.00621381679069737	0.0266408476126593
TC>GG	0.000348523946891031	8.14498525728992e-06	0.00017335384208596	9.37898780085057e-06	3.46245183076204e-05	0.00143070527068427	0.00099881811475566	0.0019318225314235	0.00348155492041192	4.94374715395162e-18	0.00662370904859242	0.000980329662614465	0.0151305150304538	0.000140295830719099	1.10251655485183e-09	0.00240174117403551	0.000270463267293699	0.00172904169889146	0.00124355768830243	0.00118014868616413	0.000581061105123587	0.00507991790034832
TC>GT	0.00432475520720639	7.07219084650201e-05	0.0425060632357763	6.31278025057252e-18	3.8405356513625e-05	7.86245451087277e-18	1.2794944774068e-17	0.000279153531577355	8.54338602247266e-18	0.0306245381213858	0.0137353865033127	0.000786351801449301	0.0327620332072113	0.000776110017041169	0.000141596680494643	0.00457514319521163	0.000370736090083523	0.00763778136682663	0.0268307310803593	0.00669756805377602	0.00593075023382762	0.0187334190465678
TG>AA	0.0011332676477819	0.00238329278384393	6.38471372102968e-05	0.00671525733949548	0.0174687399805658	0.0235686189409623	0.0311896934715407	0.00853435332976401	0.0143860728091061	0.000924200179111119	0.00690207604940287	0.00157611980849141	0.0184594727506389	0.000595773822499195	0.00332731769614609	0.00750318506530543	0.00767331350270087	0.00921685563104841	0.00929388284340808	0.0274254013996858	0.00187671290571082	0.0169998704826174
TG>AC	0.000196046864433836	0.000177137006567701	7.68459555644889e-05	0.000103853313867116	0.00141690932040783	0.00933502186254629	0.00361579634968727	0.00379852729015347	0.00661941448235782	0.000134724930937954	0.000763371427412287	0.000516473477367164	0.00424389794500541	4.01754066426791e-05	0.00014873352947103	0.000836012267660742	0.00216057450353569	0.00414192049717452	0.00194414203263777	0.00464466834198837	0.00146296026709842	0.00434199272244979
TG>AT	0.00199355909901899	0.00345416478560216	0.000915265916228014	6.15802391357959e-18	0.0197979049230814	0.204261361690843	0.00178029715026789	0.00811010232724113	0.000679241264707755	0.00162711223974526	0.00925565761857558	0.0109707560880548	0.0177675888256621	0.00147031294139214	0.00174285268629015	0.00936529054149765	0.00847246284105772	0.024739118355769	0.0157727901278577	0.0587125671966708	0.0175568539652417	0.00916637461704732
TG>CA	0.000230789650318126	0.000115943607756279	0.0151907412317814	0.000707610610450112	0.000461950723410169	0.0105365592842571	0.0329837904437602	0.00499235040656836	0.0207596495199832	0.0190046739279492	0.0494516568474289	0.00874964621363019	0.0274747700277722	0.00856490967780052	0.0737062828595664	0.00570558125974811	0.135462672302732	0.0144353376170928	0.00708819685828242	0.00293060704803181	0.0748863044663149	0.00482026444037838
TG>CC	8.52017390329892e-05	4.78167763710544e-05	0.000462410023859173	0.000105613628988698	0.00049106577047475	0.00729240759879496	0.00144907933266875	0.00123328855548245	0.0107440287140866	0.00012366039485075	0.00275906784606159	0.0127793032380529	0.00499506822473234	0.000626523905324481	0.00018178002148796	0.00253615562592882	0.0160948023375357	0.00346971259165736	0.00189288329881408	0.000157604884127561	0.00381164940756905	0.00405150632729667
TG>CT	0.0015303249862013	0.00247186168962589	0.00579923260542485	7.22248233292691e-05	0.000318319532332556	0.254171378380418	1.24812796840972e-17	0.0192392939644676	0.000881374543480769	0.00281815901360984	0.00491872134916598	0.0102442306873144	0.015834498303409	0.000616787872426937	0.00343996811486635	0.0103039673839695	0.00347663421787984	0.00970009306629646	0.0169920049691208	0.0145686315262829	0.00310664230000795	0.0311241893663578
TG>GA	0.000336671166167248	0.00118359481957746	0.000499670754353278	0.00690888232597476	0.00317348771946064	0.00687649133208423	0.0113856180026604	0.000267377214654181	0.005626957990183	1.31464989683863e-05	0.00644370110136021	0.00128816258843739	0.00585718119940638	0.00511714298923654	0.00511011777055326	0.001244098327724	0.00927537324352399	0.000707455950692886	0.00331865409105454	0.0230194241642414	0.00843862251950225	0.0018914506301395
TG>GC	7.35196416441745e-05	0.000219005665756841	0.000475785425627449	0.00053158789546895	0.000283382058194821	0.00517585365107152	0.00535469127275527	0.00349267161785191	0.00356009817119257	4.82255234434368e-18	0.00539472644196079	0.00109397153633325	0.00210523930778843	0.00440227220857799	0.000607736173272953	0.00147101105469181	0.00695848980909648	0.000762235995710557	0.00137949957495732	0.000624061011212542	0.00223629109844493	0.00168233297312445
TG>GT	0.00157168536682616	0.00515306667519749	0.00984054324844744	2.84148817726601e-05	0.080259154271356	0.0253247123090154	0.0120204526132829	0.00775491534959582	0.00304110640947501	0.00141233359070798	0.00461901417768739	0.00311604582005714	0.0183836321520669	0.0471405128409074	0.00540729304475711	0.0303300099531505	0.00301338206214451	0.00284544078005558	0.00965900038406713	0.00631456853586222	0.144602719838101	0.0155388506737661
TT>AA	0.00282314922627314	0.00215730951009217	0.00191243739341412	9.84385679977749e-06	0.00296827165708934	0.000110891884161255	0.201613668750539	0.00219577076378712	0.000193014317604038	0.00586671518348558	0.00261388114839042	0.00149571806613839	0.00786394089090409	0.17417772689927	0.00480370831236764	0.0218032497566202	0.000122570936718992	0.0155293255524346	0.0332336472231617	0.0468224823780886	0.036173508197329	0.00810096186912561
TT>AC	0.000370249036715812	0.000172684866816125	0.00144323695734677	3.60941415991841e-07	0.000582794984179729	7.3544766414974e-05	0.0343172202493813	6.93325018387669e-18	0.00376971790807335	2.9979639164337e-18	0.000569902731059139	0.000143270814526508	0.000878205573674167	0.0111593736491367	0.00216481506266177	0.0056307372512603	0.00692953660174886	0.00996098117818261	0.00604739410275111	0.00788054165286088	0.000711586073060729	0.00157038141153771
TT>AG	0.000214950010962632	0.000107615460697709	0.0136008732720668	3.8281665332468e-18	0.00053875351379376	0.00121808968161765	0.046242453955595	0.00895481966220312	0.000519609941692226	0.00281602351463985	0.000695938748614091	0.00106491767063266	0.00345449712041917	0.00610953302340617	0.000153322920726354	0.019931386888178	0.00370423217593864	0.00458775484684141	0.00591420453406037	0.0116275059108574	0.00204082037639827	0.00202336558843069
TT>CA	0.000372820071345366	2.08679292388348e-18	0.000412183397435855	3.8281665332468e-18	6.33525274752273e-18	4.76791271563251e-18	0.0838198099827561	0.00385793221025868	5.11289456026326e-18	0.000521935403262993	0.00110692640570902	0.00114959209043412	0.00227140989971178	0.00670892269813356	0.0015520489440597	0.0582073910709876	0.00804095003428237	0.0096763202927238	0.0138611341746288	0.000478700889066718	0.000304214799987099	0.00375622427621341
TT>CC	0.00278715268504296	1.49128127414215e-06	0.00484642451667549	3.8281665332468e-18	0.000466356658824688	4.76791271563251e-18	0.0303707398262892	0.000180322793167296	0.00292068241460609	0.0011652511234573	0.00219193362315213	6.55612291303186e-08	6.26228940337712e-07	0.336265163880828	0.00797692604564772	1.24905094013388e-06	2.19864409439101e-06	1.20891334047671e-07	0.0213550921197068	0.00205883077337415	0.00743389638479436	0.00224130994069882
TT>CG	4.30819240065165e-05	7.60653535804048e-06	0.0188868019495516	3.96488676657705e-18	6.33525274752273e-18	6.43380992952821e-06	0.00229067420230946	7.11480316878015e-05	1.12109980391155e-05	0.00347147714515223	5.45828724975361e-18	0.000583306973820998	0.000510979555383504	3.01859059009986e-05	0.00156822574355164	0.00725539082003974	0.00368753115967953	0.0021813552481662	0.00232876237940094	0.000736515211860627	0.00122463121441894	0.000558301332480272
TT>GA	0.000956476806708543	2.39705949769829e-05	0.00730527242415791	3.8281665332468e-18	1.80403863953266e-05	4.76791271563251e-18	0.0374057702949842	0.00222643781783053	5.19216424336812e-18	0.0035159833557632	0.000387424406404399	0.000154265223413697	0.00168594965620709	0.0142755015492892	0.000463431440266175	0.00529333606496191	0.00501213611682571	0.00077393491573036	0.0103261358555033	0.00100717429658488	0.0435088006941555	0.00281816753133964
TT>GC	0.000545088645399346	7.70662134959367e-07	0.0394959848931957	3.8281665332468e-18	3.41500290961701e-05	2.34948951890806e-07	0.00314860457979869	0.000175416138147786	2.01571479895208e-05	0.0104387072560928	3.16756027144336e-06	0.00228004030196219	0.000450352244239609	0.00573794991210522	0.00609405413942835	0.00863119440870266	0.0105155112335273	0.00154026964419568	0.00607276366407705	0.002025302881122	0.000109042213972011	0.000871618495135843
TT>GG	0.000827917877773392	2.08679292388348e-18	0.101561104520368	3.8281665332468e-18	6.33525274752273e-18	4.76791271563251e-18	7.75905028127442e-18	0.000329979145853145	5.10723244004149e-18	0.0342697097499962	4.02247273224814e-18	1.02526603001668e-07	1.38366775388904e-06	0.158092890235785	8.31368311714843e-06	0.000178261687767503	2.74830511798876e-06	2.25815888126782e-07	0.00665432410365215	0.000141127992192232	1.8437260605279e-07	0.000858208603698374
