Type	DBS1	DBS2	DBS3	DBS4	DBS5	DBS6	DBS7	DBS8	DBS9	DBS10	DBS11	DBS12	DBS13	DBS14	DBS15	DBS16	DBS17	DBS18	DBS19	DBS20	DBS21	DBS22
AC>CA	4.18471040538305e-05	0.000308689534257745	0.00631607105400999	0.00386489995890181	0.00207331737872357	0.00254758005708541	0.0599125129971145	0.211064897102412	0.0232789566716002	0.00714191831096253	0.00123544020467384	0.00331724642372027	0.0021123985460354	0.027096137051558	0.0148350504676879	0.0588713765675224	0.0200536785166988	0.00972293042935864	0.00507204959195499	0.00590450512330167	0.0300034035296759	0.0127492861830902
AC>CG	2.22286427972057e-05	2.61588013119439e-05	4.62710506478818e-05	4.6283355017214e-05	0.000447604446963276	0.000139829255943959	0.00815802236323786	0.000955191343693382	0.00195883949645453	1.31263219551176e-05	0.000174945699951909	0.00158254409280006	5.04790798849924e-05	0.000640140277859518	1.17741960114816e-05	0.00445012288440204	0.00172782823762301	0.00255091651327131	0.000621321749851722	0.0022405981728405	8.21410334371222e-05	0.00166563177557468
AC>CT	0.00361307307004937	0.000103997326591161	0.00300386386901349	7.76365955127461e-18	0.00195705660924219	0.000229857308022733	0.0177518554610249	0.312179708199323	0.0269695231117241	0.010012035327256	0.000681745951982686	0.000305605074315808	0.00279683311816843	0.00200539375134601	0.0144899899444148	0.0144303542915476	0.0140261410427037	0.0189862620914612	0.0164235108723728	0.00278401816359689	5.83664377809963e-08	0.00165822272317376
AC>GA	0.000106960187568693	0.000195613370693812	0.005818742836112	0.00410762349634157	0.000540613062548304	0.00821738152625062	0.0127004080972823	0.00113876920246122	0.0239413658384708	0.00396773264217919	0.000398587281661945	0.00477955919843449	0.0027075400366453	0.00107202636599459	0.0155615212333514	0.00882579394319197	0.0185798574443916	0.00691317902270385	0.00340476606385639	0.00186124632891331	0.00650401535542712	0.00755494702765866
AC>GG	4.80778599894109e-05	3.44107891075098e-18	0.000447595296600435	6.5412564248119e-18	1.07550174284739e-17	9.96043227931442e-05	0.00331542069584461	0.000795174741773198	0.00674711266414873	0.000437563346773426	0.00202900739843281	0.00494717798902361	0.00143528589092646	0.000361136939273311	0.00166682123775318	0.0036648085511562	0.00780737283476247	0.00469711605389603	0.000787655583147136	0.00309240290567319	0.00177309455786957	0.000928321976687769
AC>GT	0.0024929363957483	0.000231104345003812	0.010046034180859	1.04510801651774e-08	0.000796386755407224	0.000126420944893657	0.00587377557919175	0.000148235973496309	0.0114502189795287	0.0212848457206998	0.00514916923736308	0.0013175219845516	0.00435143293059313	0.00437170289640094	0.0888829366373378	0.00372462780478834	0.0295686305014506	0.011510372308931	0.0120303865173653	0.000371324475369825	0.0236158875840597	0.00216924662246385
AC>TA	0.00101064966260224	0.00122155248096169	0.00100460321907058	0.00118560972548832	0.00143388314657631	0.00967314224282183	0.00707463670088977	0.0121730453204988	0.0389875211066809	7.78717195986836e-05	0.000238070158127622	0.00469763086764209	0.00252876960045299	0.0021692409675704	0.00244226691531422	0.0059219218228806	0.00838643226464854	0.0216038791808131	0.00629899113413962	0.0109509150612172	0.0056132559652324	0.0111023210307024
AC>TG	0.000144860023537966	5.2482642379799e-06	1.10453475740105e-17	4.9549317568832e-05	0.00108510083813237	0.000430023484927424	0.00130267292529805	0.00252296161677639	0.0169387535639934	5.68065684611302e-06	0.000215525902031105	0.00105404042023448	0.00419955167107046	0.000105064246191531	0.000354102722909143	0.00113666264761334	0.00852420660770373	0.0130706605617411	0.00102767583917448	0.000153271101401114	0.000404119487455961	0.00182831676363041
AC>TT	0.0223185147156241	0.00241009040915096	1.77123591727376e-06	0.000150301462889742	0.00723723435359246	0.00304560262858257	0.00154023423564804	0.000263095136535845	0.0420156783799343	0.000526559068028998	0.00254302238959369	0.00220659167011979	0.0154277192689307	0.0010369079960968	0.00664653939199156	0.00435487269121652	0.0169110880775857	0.0158639402716819	0.0675235388091348	0.00294659584872008	0.00494193492561502	0.00846496890671994
AT>CA	0.000261604962401196	2.01015471206313e-05	0.00451258132082451	0.000551077344950041	6.74302562262419e-05	7.03604109066969e-05	0.00933699066031349	1.75936482266229e-05	0.0077448183246623	0.00168710620141001	0.00550919944416214	0.000824276646116315	0.00265809750826847	0.00204952295993582	0.000713798121055952	0.00527684268527642	0.00633255970461031	0.00276801371546805	0.00281481581464752	0.00169268324742853	0.00473390712755468	0.00390038727405887
AT>CC	0.000161196532441505	2.2175516267998e-18	0.00582020434634813	4.20940103801746e-18	1.32998532990615e-05	3.9430560732288e-05	0.00526572613540122	9.04674251923494e-05	0.00108549423725264	0.000554403038323163	0.00110416413903099	0.00147647206075313	0.00063673149929656	0.00032429324296781	0.00617715521374044	0.00140264683899954	0.0043989248986461	0.00110396868288567	0.00133371902962744	0.000933626630454705	0.000330849223444319	0.000748491707176664
AT>CG	2.1595894623506e-06	2.2175516267998e-18	0.0093584784531332	5.68870483137788e-18	6.55626571080497e-18	1.12306135419036e-06	0.000933699486798606	0.00016828197955756	5.6244868335253e-18	0.00123784833619009	1.01125108660803e-05	0.000573931931054861	1.47176757152921e-06	3.82768331830556e-08	1.85065946286998e-07	0.00244886301169661	0.00088373094020804	0.000450874450965112	0.000194002279904001	0.00117491019080818	3.02176071747424e-07	0.000111302373478601
AT>GA	0.0011506265524883	8.93593537555744e-05	0.00116019496446008	0.000194922328495423	0.00069303350119504	0.000999862757769023	0.0121128531806543	0.000102487430975383	0.00388460551431187	3.85197921545182e-05	0.00650875837596536	0.00271435083135368	0.00134776009957957	0.00368202113619238	0.0048363289912046	0.00318845491653971	0.00886679554933493	0.00160273357072734	0.00663701741021191	0.00639740637133464	0.00902329646600934	0.002108246621816
AT>GC	9.44380875339859e-05	3.11095372105009e-06	0.00336520646657083	1.05836368955868e-05	6.55626571080497e-18	1.06135468637771e-05	0.00781447276905611	0.000142976870768286	0.00110378907023933	0.00194996985103776	0.00242916168704706	0.00170813787471735	0.00018968683689382	0.000413734903005658	0.00906276760444202	0.00101335969055831	0.0068180149114234	0.000300205827868759	0.00152359899145796	0.000278705466024691	0.00253470325249599	1.41791738894747e-05
AT>TA	0.00127003123056039	0.000243610011410536	0.00150633024488856	0.00272530574358976	0.000495112951917211	0.00135783794735049	0.0285997920684686	0.00019928160801384	0.00561041951613035	0.00140034594325483	0.00223157426712075	0.00114061462021208	0.00664335289675478	0.00813288370702081	0.00761238357547723	0.00439025242659015	0.00782216976757373	0.00485593454716607	0.00799824656343826	0.00221705883510208	0.0695909226913779	0.00580653360483951
CC>AA	1.08633335067817e-05	0.727339680097357	0.0110048821916541	7.95040813225438e-18	1.23829941014492e-17	9.67340357936523e-18	1.43684372358733e-17	0.0455250841030417	1.03926820482192e-17	0.0123668020657865	8.06800598837042e-18	0.0130904676207482	6.12025889105153e-07	0.00437922883519302	0.0198403098401951	0.0433242934733302	0.000415235936512989	0.0121639829432486	0.0253255686175153	0.00054132576746811	0.00627960188391992	7.69505385031688e-08
CC>AG	1.26055662390015e-05	0.0729348904417831	1.34439724565253e-17	0.00617001190747874	0.0286554029175368	0.0718083786607491	0.000131922598515208	0.0185207038013925	0.0304074898364303	6.43587414743172e-05	0.00106688018126532	0.0157689518477453	0.0139341282299772	0.000181776769329827	1.04162620225615e-05	0.0135480108797272	0.00143005155769109	0.0546083001787984	0.00773564468408405	0.00567782107291105	0.00277244137968002	0.031833193745055
CC>AT	0.0191694321570103	0.100461281309723	0.00713077625093004	0.0178396300501824	0.00286554040968688	0.000510585550325036	0.0013536069216397	0.0344126611050208	0.0224600779819502	0.00947820573222577	0.0378676504283938	0.0119085909895842	0.051636127962106	0.000794804154811664	0.0340372578604136	0.023306203204987	0.00086132584255869	0.113762733845263	0.103863156134999	0.0079133753599152	0.00287036961899726	0.0506745330975559
CC>GA	0.00013736377766483	0.0177816465859189	0.000768767524799541	0.00403380198137966	7.97228953579016e-05	0.0413830757505225	0.000479799311941983	0.000966660818090306	0.0126697878159066	0.00306010651238328	0.00104602520905139	0.0100609469008619	1.24075423912156e-05	0	1.040461072276e-05	0.00377416017380111	0.000882498471819256	0.0183194821700742	0.00474631657656824	0.00121662594841237	0.00151734445787189	0.0165840081306001
CC>GG	0.00010063956135528	0.000452075522326695	8.78097300088367e-05	8.29113990935099e-05	1.40340599816424e-05	0.0210995404770381	0.00325691941700352	6.69373099608498e-05	0.00352450413716466	6.68861534817237e-18	0.00378676526237691	0.0172686923147061	0.000917962479550637	0.00297771024051915	6.88591818270008e-07	0.00022222202506584	0.00388811038752714	0.00597675405531309	0.00131540434212055	0.00383601928696917	0.00392028900931899	0.00120463503008755
CC>GT	0.00709371476137434	0.00110507428022092	1.38073230634585e-17	9.07482299667321e-05	2.92474527348515e-05	0.00401007798612736	0.000258964060885346	0.000273628965337924	0.0206171996703869	0.000974901341558304	0.0762841074801866	0.00590712314427512	0.0279820264654843	0.00069411631171408	0.000605450473146195	0.0034406338776193	0.0111479513796421	0.0218063480288534	0.0148430654990663	0.00593875620575731	0.00619868599566642	0.0207956778290453
CC>TA	0.01066107463437	0.0160738046077956	0.0251816892202908	0.000193167659071542	0.00149762761061576	0.00258789885377033	1.43684372358733e-17	0.000855536516391457	0.000791286367585315	0.0215742019199487	0.0645396472762141	0.0086373816004212	0.0493403341467351	0	0.0601485244541347	0.00895671920071404	0.000342636489642095	0.0259900179730073	0.0446210852573631	0.0142052160685298	0.00089893834865291	0.011773470866254
CC>TG	0.00261401319645335	0.00023809307494531	3.51238920035347e-05	9.42691249967305e-06	0.00567211889812667	0.00800849893820658	0.000374943098126851	0.00503046196039577	0.0178528822030418	6.68861534817237e-18	0.0354529017245141	0.0230781246631157	0.0113871723516862	0.000780657928921927	3.30896914363253e-05	0.000531187373069418	0.0372824784546353	0.0207142157760895	0.00689222650467533	0.00284800262667593	0.0097939104348253	0.00682778280611682
CC>TT	0.879538652211312	4.18834896655669e-18	1.34439724565253e-17	7.95040813225438e-18	1.23829941014492e-17	9.67340357936523e-18	1.43684372358733e-17	0.00523359278994477	1.03926820482192e-17	0.0185953372612491	0.364407534270944	0.00112878632462067	0.000118945382346557	0.00891393546264082	0.101026104300605	0.0205450196162398	0.000969471456742335	0.0367330733892092	0.0957632848040279	0.00837062250517219	0.0122665770334477	1.41075987255809e-07
CG>AT	1.04966144471946e-06	0.0019623256878986	0.000584001708445437	0.000559704382459465	0.00328487527801198	0.0149293338963412	0.000167651479643253	0.000653517169463285	0.000428445035487413	1.13608521212364e-17	0.0033930898206944	0.0407613444821568	0.000836479361127709	1.80960686619719e-08	0.000366905403657619	0.000279741357111334	0.00502565671851564	0.00160963549313232	0.000530677529599822	0.00354260405443269	0.00162426096891362	0.000819774708948568
CG>GC	9.43476787790955e-06	0.00062965063924585	2.28350675065048e-17	9.83866663407309e-06	0.000198711373369253	0.00116821125443453	0.000504625554322484	2.2942109985947e-17	2.34842683901441e-05	2.91303900544524e-05	0.000309480198786625	0.116427930245139	0.0023723028780246	0.00339978766007373	5.46208111249868e-06	0.000405415206457985	0.00467416403142611	6.27013623884029e-05	9.4850024384327e-05	0.000366246203695932	0.000415331681555961	0.000536487186941766
CG>GT	2.95924453735171e-06	0.00218415471406618	2.28350675065048e-17	1.35040522428454e-17	0.0129792600201864	0.00637565722845423	5.5883826547751e-05	0.00245575999784959	0.000194528023165027	1.56384199239692e-05	0.00219991611584182	0.130624400777714	0.00478955961418797	0.000449161845870946	0.000451545891737303	0.00312522245806582	0.00952965351243624	0.00314051457005989	0.000191789256354212	0.000587862157625148	0.000391286630134836	0.000906138002395355
CG>TA	0.00061985902738233	7.11406034945421e-18	0.201316281845576	1.35040522428454e-17	2.10329578667052e-17	1.64306215641832e-17	2.44053039609502e-17	0.00102695381177787	1.7652341739925e-17	0.548901664559265	1.37597302655378e-17	0.0413809923621013	0.00132845905344529	1.76183774084726e-07	0.000172174295937458	0.00378890565825292	0.0117047823359115	0.000496010615932349	0.00395913821055813	0.00124031175441822	5.10180980334774e-07	0.00187022298878116
CG>TC	2.19332242180185e-05	0.00366869703807806	0.00148468260172735	1.35040522428454e-17	5.96935375645538e-05	0.0176419582512411	0.000131475475984322	0.00183674532547479	0.000260197865673214	0.00406309913890279	0.00127706890576826	0.162193603369535	0.00448699648045616	0.000557165028338733	0.00122154892346767	0.0025968412502096	0.0112823294244241	0.00235076559656331	0.000620296178190037	0.00309757670311156	0.00526688662315857	4.3818426767281e-05
CG>TT	0.000215906481445047	0.00948742177266106	0.0147440023826697	0.000696735788018566	0.0044465976539885	0.0370263324499472	8.45006652630245e-05	0.000667723005177531	0.000162237154128579	0.011913313034976	0.00130316951064471	0.149474078678308	0.00332965348555802	0.000299068444072989	0.00529013836130384	0.00768862428967039	0.0246619864131483	0.0049566595316398	0.00339855367437099	0.000948867607429233	0.00884247893294384	0.00569902219742735
CT>AA	2.40002910778006e-05	0.00272635989213555	0.000105424125480139	6.72154199014749e-18	0.464585497712185	0.00441521514982824	1.21475592959699e-17	0.0208100194436141	8.78632236425192e-18	0.00299922357932135	0.00408301927115778	0.00544132881382329	0.0622222541835645	0.000298406332643723	0.00369126701587829	0.0655857388014428	0.0103727850805126	0.0257202334107319	0.0105534438795613	0.0116018846471362	0.00292673277506386	0.0538173764256064
CT>AC	0.000363129602626056	3.54097085077806e-18	0.0297847529913082	6.72154199014749e-18	0.208365598881284	0.0019218019342977	1.35719412488159e-17	0.014142731817688	8.78632236425192e-18	0.00992109631238677	0.00218070368528253	0.00536133033133322	0.0261203774887907	0.0125534426272419	0.0752879661371414	0.088980956682343	0.0145438766862145	0.0253429498154502	0.00694588972596836	0.00688171987188319	0.0253645615966167	0.0295515363454195
CT>AG	2.46934402786035e-18	0.000498558505945335	0.1166825377873	0.000348716479109616	0.0266189544529107	0.0389287981299193	0.00169240091737885	0.0206079803021552	0.000566733377988371	0.0202237742794611	0.000460267458199183	0.00285678281498376	0.013403020599573	0	2.89601762180944e-06	0.0355238178641187	0.00809677776638773	0.00704337632510047	0.00275198142909959	0.000688716642022722	0.00147083954573818	0.011345249209618
CT>GA	7.72861358895238e-05	1.53696816304755e-05	1.76121580685061e-05	0.000646518237864323	0.0160511300925761	0.00723385746129011	0.00251173766681334	0.00562678640110682	0.00276550470508215	5.65478000258806e-18	0.0107643234486869	0.00133317863672467	0.00110352907098966	0.000282990620883177	0.000277709374171357	0.00119500503470027	0.00549934756818015	0.00353512602292904	0.00330314889556563	0.00377873312067551	0.00215249553969174	0.00553891900880628
CT>GC	0.000218397450188971	0.000113810369589401	2.75445960490009e-05	6.93279045269498e-05	0.00483527868209451	0.00176411501033151	0.0209535292806154	0.00023941651905365	0.00302842322566504	5.65478000258806e-18	0.00566982865371234	0.000600716098566842	0.00391387711237665	0.00615157110529242	0.000327551413506702	0.00950044302065969	0.0110526373725297	0.00118685543904992	0.00349857185306314	0.000765378923380676	0.00228567010332997	0.00501399560258102
CT>GG	9.35751421083921e-06	7.62540005755084e-05	6.1335364436251e-05	0.000889562474686062	0.000568270227545826	0.00671152242005217	0.00537270019455068	0.000309119512526972	0.0101272018513483	5.65478000258806e-18	0.0037303949639235	0.00770087393061307	0.00267285562182511	0.000132450363249026	0.000238624956756979	0.00440563502623346	0.0077199173223596	0.00192418975734706	0.00105002026741939	0.000607634323648966	0.0025782870816597	0.00467064623926504
CT>TA	0.00676858894929278	0.00287074658747916	0.000188329263736887	6.72154199014749e-18	0.00332986155153139	8.71029717162944e-05	1.21475592959699e-17	0.0110111266409065	8.78632236425192e-18	0.0030755402155101	0.0386958873522047	0.00715259714822746	0.0313540692658418	0.0019430678083303	0.00337101179370648	0.0190615986174385	0.000908718519627102	0.00922898235782256	0.0742439255047119	0.0218429292639422	0.0117230322168964	0.0152140319436683
CT>TC	0.00909989577955924	3.26075013596829e-05	0.00648918632882621	6.72154199014749e-18	0.00023628032227887	8.17822019508194e-18	0.08488865474261	0.0179814734842983	2.92228016549399e-05	0.00209869337731947	0.00277459705998826	0.0061328836892101	0.00858443759711596	0.0385878007109867	0.0655229778969628	0.0996133308133961	0.0186621348467946	0.00612631904440401	0.04759231441303	0.000796983395704791	0.0587054009029271	0.00442055873771643
CT>TG	0.00194131076461715	0.000331240415439786	0.053428319513821	2.95747847566489e-05	0.000871346751659291	0.0110380393525622	1.21475592959699e-17	0.000975848982507717	9.21492345519105e-18	0.0348764707472954	0.00137337912502373	0.00214545398965077	0.00394725974251718	0.000519915928524876	7.11198885355923e-06	0.00694233903054596	0.0243483251630136	0.00251614667351635	0.0140678781781148	0.00725195231668309	0.000678444680528859	0.00515245288494681
GC>AA	0.00164519147607354	0.00518386929012855	2.65735770912703e-05	0.378574772655476	0.000159310250333822	9.82586832289039e-18	1.45949014870597e-17	0.0156569482695141	1.0556483505485e-17	0.00374100810559916	0.00111491298217935	0.0215403232802926	3.86575871926913e-08	0.00035046467569418	0.0518502815673754	0.0201541956420846	0.15072807115746	0.0405652218038668	0.0164804981555149	0.01477548213777	0.0224634407007742	5.50966792067197e-07
GC>AG	0.000111414632548966	0.00033164541091654	0.000641924122901962	0.0130423626581962	0.0031862038087581	0.00433378209257978	0.000117857058468513	0.0103408688314172	0.145074123585796	6.79403615639471e-18	0.00366806339917314	0.008361183710801	0.020563841703486	0.000801770768869473	0.00464413169625848	0.00972216112609312	0.0226266882221981	0.0492541446726806	0.00495272277100754	0.0140952842167444	0.00530289260862852	0.0406152830554565
GC>AT	5.06964841127653e-05	0.000972486053657688	0.00490666091840276	0.0106647287099783	0.00188057826874005	0.00222609545445391	0.000564824302029445	0.00668758053761932	0.147414029012564	0.00710608137762578	0.0303256282093277	0.00564944678704159	0.021052492994987	4.15061325075832e-07	0.171628269159153	0.00523264329015695	0.0553585726891278	0.0590287761998198	0.00490417641556261	0.0244212223228677	0.00775841399613414	0.0173531828918762
GC>CA	5.99613446590407e-05	0.00108167319597865	0.000291448167264897	0.0137348772547863	0.00548601951532857	0.0102897736108843	0.00108123357023206	0.00586225328041635	0.0320567014208539	9.62763517681321e-05	0.00235246581260415	0.00427255422870439	0.0126021407521922	0.000262680045645722	0.00140999801866688	0.0048416547770953	0.0135843643529794	0.0272734323141282	0.00130313780531974	0.0144639018959537	0.00445866061303049	0.00828127277262983
GC>CG	5.36112717003576e-06	6.82534415472317e-05	1.36558660052361e-17	1.13406130992616e-06	0.000386895979976451	1.07019095950517e-17	0.00427652086158213	0.000293719556222853	0.00292488207604424	6.79403615639471e-18	0.00450424813580762	0.000821219799817007	0.0010480798989891	0.000961878574504631	0.000416181534157846	0.00161525197789379	0.00044253882407861	0.00225366102089563	0.000230147906212795	0.00142551515495333	1.33767308161809e-05	0.000253915061856297
GC>TA	8.60903333906714e-07	0.0007510490361082	0.00520179863000552	0.0204291869446135	0.000265916790032446	0.000981613716173125	1.00743567786784e-05	0.0103894165651389	0.0163793368170274	0.00257652772899866	0.000270923323934829	0.000624735593163834	4.10812603709165e-05	1.06538008136873e-05	0.0020124768721759	0.000858336288108951	0.0104792362876368	0.0221543387327329	0.00114383539373191	0.000455820680667458	0.00290096802163853	0.000317370310445099
TA>AT	0.000267893666184661	0.00142966786777732	0.000908433940392491	0.0178757192775334	0.00114115726008902	0.00516986229831752	0.0458765799640008	0.00599792829813994	0.00923872616689184	0.00485818379293509	0.00126665367710363	0.00338735085915891	0.00385612286334836	0.00895793663105337	0.0152651524955427	0.00551546030529513	0.0053432403404434	0.00619966542722441	0.00626942504239774	0.118975696863525	0.0843768886063708	0.00554786709181243
TA>CG	4.00412802239114e-06	9.82363830672627e-06	0.00209253022199201	0.000228738923672798	4.81523099365655e-06	0.000156242300812317	0.00250759099731191	1.29279680405048e-05	0.000804663237176938	0.00191991675607895	0.000331715471763726	0.000225638220615928	0.000151082173853143	0.000125616403580417	0.00924376146018792	0.000820258714806157	0.00444326960878082	0.00114248091593023	0.000372512589610515	0.00476282505940436	0.00104840327947254	4.84417689684666e-05
TA>CT	0.000372398755828635	0.000145566048705971	0.000215518092502153	0.00512750880990943	0.00138525529492295	0.0157448556318759	0.0239248830331737	0.00253520669802228	0.00846386505100104	0.000756755434684502	0.00191986094938518	0.00130490501968339	0.0101157551588582	0.00280473186264839	0.00154603091049425	0.00712190685627388	0.0103183633055936	0.00661018244509912	0.00593530976233915	0.086420210732143	0.00999264568222229	0.00939016077172487
TA>GC	1.06599964569618e-05	4.27250300959206e-05	0.00124674698462943	4.12602876388073e-05	3.1857421783127e-05	0.000159258512543979	0.00124146267939857	0.000487872441384597	0.000345110865999619	3.46130585160673e-18	0.000579365985882548	0.000743461385690951	7.82671510859921e-05	7.00294541871369e-05	4.8054764604913e-05	0.000590289957107945	0.000427650359157943	0.000155676221277797	0.000161592815064719	0.00211892939093551	0.000475428631476176	0.000474687343337082
TA>GG	3.72834701952447e-05	4.10097916614128e-05	0.00342072286985221	0.00130539791744496	0.000994698561247724	0.000131508882115134	0.0035435132692226	0.000134180555562215	0.00193715219348189	0.00401267272214282	0.000213002050327295	0.0010661378028757	0.000366387221247541	0.000306745275349743	0.00140102309578012	0.000612538694014869	0.0035868017564051	0.00222116486741576	0.000731452070195048	0.00724793057047856	0.00158879892859039	0.00174075740421442
TA>GT	0.000610055156441366	0.000675842925887698	0.000226794943268636	0.00473941760069641	0.00116556724666108	3.76951076244956e-05	0.0216228324433497	9.46067464077644e-05	0.00463724417734402	0.00168635007935397	0.00151657637063039	0.000637318974758903	0.00379529375601352	0.00305287412788239	0.000496114495642173	0.0038324974061661	0.00755152139939287	0.00417131114102034	0.00491247759154991	0.0415292552590461	0.00709070301057867	0.00471680695393203
TC>AA	9.12412638840006e-06	0.00118980090404054	0.00542876991988946	0.351749064367206	0.0389125012358243	0.0436081268761343	0.0254341187787956	0.0378673621151829	0.00347144733346648	0.00557399016100533	0.00019454323459544	0.0144747734151319	0.066368823994627	0.000855455394094818	0.000463342433751919	0.0750187241986635	0.0559745852712226	0.0034411988904725	0.0130995439423697	0.210230688903979	0.0207787985568448	0.148209337122524
TC>AG	2.5865642697391e-06	0.000164110186633569	6.07408064312017e-06	0.00173554286924658	0.0143513933380633	0.00788374001954584	5.19288426251356e-06	0.0113211697042432	0.0439340322521616	0.000199808556125333	0.0424947372218845	0.00507347619272168	0.0654993379931939	7.74258267478761e-09	0.000109458057347593	0.0101470974728865	0.000223846014070189	0.01109668838052	0.00283243570223961	0.0093287136505814	0.00670987327871822	0.0381297427835434
TC>AT	0.00205972967839048	3.42097898572455e-18	0.0011075086896141	0.00780530218453321	0.000720459401320924	0.000565572196231795	0.00297163970321287	0.0180553144005248	0.0487319674533794	0.00227825783645732	0.0758450377740341	0.0124441608326882	0.153877878617343	0.00269288511788782	0.00776976625853932	0.0262591386489276	0.00126274630171549	0.0688849785427115	0.0903084064733288	0.0279523289208681	0.0402633332735793	0.129786417444491
TC>CA	3.699875104287e-06	0.00055961637631604	0.0647694740527253	0.0785170732163239	0.00137734840216736	0.0112352812518823	0.00351665627454292	0.017176947743458	0.0459096529612811	0.0185799662203268	0.000252816995803614	0.0154785911593756	0.0365496919351287	0.00641741194965822	0.0195125674584394	0.0144972747059687	0.00514803099146136	0.0176108353767802	0.00454933100258865	0.0176413979413262	0.0257868798484947	0.0558311352237314
TC>CG	2.7623501909835e-05	3.19127296270227e-06	0.0001147061440798	0.000371238684821158	1.02105651190372e-17	0.000820746850434642	0.00211518379290185	0.0106379957461146	0.00732861040992844	0.000620806449034001	0.00290470348657479	0.00445651910781721	0.00704226431657618	0.00102557196146092	3.23564481195864e-06	0.000267808872752037	0.00158000096478177	0.00205281302491915	0.000638128074197084	0.000551994821529176	0.00298726479322088	0.00499057785333712
TC>CT	0.00159084835697294	0.00274885013819614	0.0191836303982136	7.68120343726116e-06	0.00101134009960594	0.00894061800017972	0.0119254872697258	0.00854943513667935	0.048355658791694	0.0193172669586774	0.0180199206910033	0.00406062115679669	0.0316712680236106	0.0403293592485512	0.0457030118970975	0.0078124172047123	0.0199290112967681	0.0238899968175637	0.0182798147539202	0.0212657956361359	0.0735916965576716	0.0253215186677797
TC>GA	5.37402673518609e-05	0.000726188519289286	0.0769322912843611	0.0337827592813575	2.36962171630486e-05	0.00698872580534308	1.17359184332807e-17	0.00937900386308905	0.0162753479709958	0.0322937508115205	0.000210680680407232	0.00815126856028891	0.01128836312017	0	2.2364015612067e-06	0.00415219423642145	0.00599049130798421	0.00177988425488404	0.00321894033512474	0.00821630016822241	0.00611304693475385	0.0272787691284255
TC>GG	0.000344125216034525	8.09713731153507e-06	0.000175025524069045	9.64788837530387e-06	3.35214779379712e-05	0.00143773513356854	0.000916146816687515	0.00186408934736486	0.00350907754087584	5.46315809222165e-18	0.00657144336229423	0.0011119488902898	0.0149913244118905	0.000127962055724633	1.09440927463307e-09	0.00231736224192281	0.000272828480926633	0.00172175072931853	0.00120587946523514	0.00111745378509828	0.000571638000801425	0.00520155775858687
TC>GT	0.00427017234612529	7.03064506178881e-05	0.0429159567762295	6.49377102183914e-18	3.718186920706e-05	7.90108718964909e-18	1.17359184332807e-17	0.000269365905008433	8.61092376820657e-18	0.0338420813298811	0.0136270047194965	0.000891927528406128	0.0324606444138804	0.000707880146830176	0.000140555458971214	0.0044144074334868	0.000373978194134357	0.00760557460652383	0.0260177939080729	0.0063417625765207	0.00583457088595965	0.0191819952798552
TG>AA	0.00112473396645486	0.00238150800779567	6.47951934560862e-05	0.00694340352970839	0.0169994333426483	0.0238065405175528	0.0287556520469434	0.00827758336277236	0.0145745587476956	0.00102656632165428	0.00688291978838685	0.0017969473637578	0.0183839584573927	0.000546199511082135	0.00331987981521641	0.00727690705753298	0.00778032616085974	0.00922531151207341	0.0090587568541635	0.0261023304173687	0.00171537989689121	0.0161728118500466
TG>AC	0.000194570601108442	0.000177004354008709	7.79870292495409e-05	0.000107381657860766	0.00137884332651613	0.00942925746984283	0.00333361986385297	0.00368424238897551	0.00670614187267314	0.000149647316581441	0.00076125273990272	0.000588835727211618	0.00422653694243199	3.68324129679073e-05	0.000148401050764838	0.000810800149239919	0.00219070605240202	0.00414572044678217	0.0018949571734828	0.00442059775077933	0.00133719580895656	0.00413075096226504
TG>AT	0.00197854728950436	0.00345157806582621	0.000928856557975603	6.3672384863198e-18	0.0192660240772049	0.206323348663087	0.00164136288931405	0.00786609664498266	0.000688140665468817	0.00180733423843362	0.00922996914572381	0.0125078506879049	0.0176949049017503	0.00134796827151171	0.00173895671603951	0.00908285591307039	0.00859062050129864	0.0247618149292922	0.0153737542303276	0.0558801239145043	0.0160475660677703	0.00872042243969636
TG>CA	0.000229051768421233	0.00011585678108706	0.0154163061941622	0.000731651188013452	0.000449540180856534	0.0106429242266845	0.0304097378211013	0.00484214738595577	0.0210316418890255	0.0211096672013403	0.0493144070055752	0.00997554476042354	0.0273623758186431	0.00785222395111859	0.0735415199466918	0.0055335146574448	0.137351845818102	0.0144485811246764	0.00690887252997482	0.00278922712475125	0.0684486480820259	0.004585754340977
TG>CC	8.45601567104876e-05	4.77809678301369e-05	0.000469276278641915	0.000109201778462357	0.00047787303728418	0.00736602332983938	0.00133599328626482	0.00119618305381803	0.0108847966890078	0.000137357251757209	0.0027514102335633	0.0145697904058832	0.00497463432329844	0.000574390880978958	0.000181373670703677	0.00245967127462447	0.0163192617682727	0.00347289583310544	0.00184499523462633	0.000150001624440543	0.00348397815555337	0.00385439698541476
TG>CT	0.00151880140147306	0.00247001058699673	0.00588534451165248	7.46786113895508e-05	0.000309767715219801	0.256737199280656	1.15072415195094e-17	0.0186604483641842	0.000892922289017727	0.00313030358338695	0.00490506975950582	0.0116795330076564	0.0157697222957493	0.000565464982915403	0.00343227841536159	0.00999322452057163	0.00352511964324011	0.00970899228704849	0.0165621241491311	0.0138658037592947	0.00283957750386302	0.0296099702125393
TG>GA	0.000334135980017948	0.00118270846113286	0.000507090287948651	0.00714360679022269	0.00308823034807892	0.00694590845250348	0.010497085196514	0.000259332734196351	0.00570068224226039	1.4602629812936e-05	0.00642581703005715	0.00146864493099644	0.00583322055303997	0.00469134576462922	0.00509869462104218	0.00120657931564839	0.0094047283579549	0.000708104996700421	0.00323469544435466	0.0219089087082413	0.00771319011200892	0.00179942989543219
TG>GC	7.29660273287103e-05	0.000218841659022412	0.000482850289678177	0.000549648223909554	0.000275768854201516	0.00522810309614712	0.00493681155278589	0.00338758888441253	0.00360674248157329	5.35670727296315e-18	0.00537975373127306	0.00124724608982719	0.00209662716265349	0.00403595934760823	0.000606377640753215	0.0014266489007572	0.00705553347751702	0.00076293529893829	0.00134459960820605	0.000593954723866005	0.00204404668513565	0.00160048599613104
TG>GT	0.0015598503320106	0.00514920769906199	0.00998666395011527	2.93802575868756e-05	0.0781029510251523	0.0255803613775653	0.0110823773599997	0.00752159604801571	0.00308095090376796	0.00156876630402343	0.00460619440569538	0.00355262987720435	0.0183084281087004	0.0432179530108535	0.00539520559008893	0.029415329831551	0.00305540693502431	0.00284805129167286	0.00941463728430754	0.0060099377202947	0.132171840397788	0.0147828719383336
TT>AA	0.00313063119144427	0.00240861762133844	0.0021685495090354	1.13724958286877e-05	0.00322743320450672	0.000125153405324401	0.207688686163016	0.00237958211204485	0.000218485912624942	0.00728109540761966	0.00291245724106316	0.00190535814672884	0.00875065841459329	0.178419887738007	0.00535532058226991	0.0236267046576524	0.000138861905232133	0.0173672718632032	0.0361934654631909	0.0497922186784382	0.0411101003181457	0.00958234803738096
TT>AC	0.000410574535755171	0.000192801177209852	0.00163651411860801	4.16991513718548e-07	0.000633679157657028	8.30031704325636e-05	0.0353512657674989	7.51364322176764e-18	0.0042671977276515	3.72072967946366e-18	0.000635001073708713	0.000182509137133912	0.000977229750277425	0.0114311641858601	0.00241340187788509	0.00610164849393491	0.0078505450039988	0.0111398957772912	0.00658598041107218	0.00838036843316565	0.000808696095743396	0.00185754994035194
TT>AG	0.000238361189928718	0.000120151741672841	0.0154222915522164	4.42263726671187e-18	0.00058579240054047	0.00137474507533253	0.0476358302813016	0.00970444139078253	0.000588181507615072	0.00349492607684618	0.000775433821459594	0.00135657220787201	0.00384401723186263	0.00625833288545652	0.000170929069732541	0.0215982936801152	0.00419656364830044	0.00513073059082922	0.00644092886069323	0.0123649855281738	0.00231933076403259	0.00239336927989951
TT>CA	0.000413425593407622	2.32988645580832e-18	0.000467382674706205	4.42263726671187e-18	6.8883873979201e-18	5.38110175658537e-18	0.0863454661464051	0.00418088565000274	5.78762989202768e-18	0.000647766484125511	0.00123336741137464	0.00146443685110973	0.00252752817291564	0.00687232091010236	0.00173027151407458	0.0630754063306146	0.00910967698808438	0.0108215443479333	0.0150956191374759	0.000509062701065261	0.000345730938716533	0.00444310797935177
TT>CC	0.00309071410392	1.66500279096134e-06	0.00549545388644157	4.42263726671187e-18	0.000507074533504613	5.38110175658537e-18	0.0312858701069785	0.000195417891562953	0.00330611723919912	0.00144617632497503	0.00244231186892734	8.35168236989462e-08	6.96840887062935e-07	0.344455022222886	0.00889292052257171	1.35351188443575e-06	2.49086705255829e-06	1.35199217584956e-07	0.0232569956558725	0.00218941301022768	0.0084483988798234	0.00265116812773443
TT>CG	4.77741714207156e-05	8.49263168544038e-06	0.0214161076519384	4.58058859766586e-18	6.8883873979201e-18	7.26124574382605e-06	0.00235969673313078	7.71039428630583e-05	1.26904841486321e-05	0.00430840010273126	6.08177163454316e-18	0.000743060286410095	0.00056859628118179	3.09210944361497e-05	0.00174830590368382	0.00786217550110259	0.00417764289107099	0.00243952575385268	0.00253616403233896	0.000783229009364135	0.00139175641474585	0.000660395365882266
TT>GA	0.0010606510265586	2.67629643245128e-05	0.00828358877698811	4.42263726671187e-18	1.96155031616963e-05	5.38110175658537e-18	0.0385328799164566	0.0024128163523555	5.87736058802811e-18	0.00436363611735874	0.000431678777167006	0.000196514641925181	0.0018760529549165	0.0146231864956012	0.000516647508371483	0.00573602968624345	0.00567830179890782	0.00086553263633571	0.0112457907176045	0.00107105476420279	0.0494464388552452	0.0033335130505753
TT>GC	0.000604456717876732	8.60437683919618e-07	0.0447852562096726	4.42263726671187e-18	3.71316882592645e-05	2.65165134752219e-07	0.00324347824469355	0.000190100492904142	2.28172341258234e-05	0.012955328678265	3.52938153088951e-06	0.00290448678969943	0.000501132792102268	0.00587769973457155	0.00679383747725151	0.00935304064364432	0.0119131334349295	0.00172256557846397	0.00661360940813951	0.00215375859683356	0.000123923185189821	0.00103100741753168
TT>GG	0.000918090162571123	2.32988645580832e-18	0.115162087973798	4.42263726671187e-18	6.8883873979201e-18	5.38110175658537e-18	7.99284576674491e-18	0.000357602207739391	5.78122055659907e-18	0.0425316413831613	4.48194817244446e-18	1.30606096635586e-07	1.53968653141525e-06	0.161943299124339	9.26834757995354e-06	0.000193170114348581	3.11358381569787e-06	2.52541934734163e-07	0.00724696413875873	0.000150079096450696	2.09533902252473e-07	0.0010151453200458
